[1,0;0]:[0,0;0]:[0,0;0]:[0,0;0]:[0,0;0]:[0,0;0]:[0,0;0]:[0,0;0]:[0,0;0]:[0,0;0]:[0,0;0]:[0,0;0]:[0,0;0]:[0,0;0]:[0,0;0]:[0,0;0]:[0,0;0]:[0,0;0]:[0,0;0]:[0,0;0]:[0,0;0]:[0,0;0]:[0,0;0]:[0,0;0]:[0,0;0]:[0,0;0]:[0,0;0]:[0,0;0]:[0,0;0]:[0,0;0]:[0,0;0]:[0,0;0]:[0,0;0]:[0,0;0]:[0,0;0]:[0,0;0]:[0,0;0]:[0,0;0]:[0,0;0]:[0,0;0]:[0,0;0]:[0,0;0]:[0,0;0]:[0,0;0]:[0,0;0]:[0,0;0]:[0,0;0]:[0,0;0]:[0,0;0]:[0,0;0]:[0,0;0]:[0,0;0]:[0,0;0]:[0,0;0]:[0,0;0]:[0,0;0]:[0,0;0]:[0,0;0]:[0,0;0]:[0,0;0]:[0,0;0]:[0,0;0]:[0,0;0]:[0,0;0]:
[0,0;0]:[1,0;6]:[1,0;6]:[0,0;0]:[-1,0;7]:[0,0;0]:[0,0;0]:[1,0;7]:[0,0;0]:[0,0;0]:[0,0;0]:[-1,0;3]:[-1,0;7]:[0,0;0]:[0,0;0]:[1,0;7]:[-1,0;5]:[0,0;0]:[0,0;0]:[1,0;5]:[3,0;7]:[-1,0;6]:[-1,0;6]:[1,0;7]:[0,0;0]:[1,0;6]:[-1,0;6]:[0,0;0]:[-3,0;7]:[-1,0;6]:[-1,0;6]:[-1,0;7]:[0,0;0]:[0,0;0]:[0,0;0]:[0,0;0]:[1,0;4]:[1,0;7]:[1,0;7]:[0,0;0]:[1,0;6]:[0,0;0]:[0,0;0]:[-1,0;6]:[1,0;4]:[-1,0;7]:[-1,0;7]:[0,0;0]:[1,0;6]:[0,0;0]:[0,0;0]:[3,0;6]:[-1,0;6]:[1,0;7]:[-1,0;7]:[1,0;6]:[0,0;0]:[-1,0;5]:[-1,0;5]:[0,0;0]:[1,0;6]:[1,0;7]:[-1,0;7]:[-1,0;6]:
[0,0;0]:[-1,0;4]:[1,0;4]:[0,0;0]:[0,0;0]:[0,0;0]:[0,0;0]:[0,0;0]:[0,0;0]:[0,0;0]:[0,0;0]:[0,0;0]:[0,0;0]:[0,0;0]:[0,0;0]:[0,0;0]:[0,0;0]:[0,0;0]:[0,0;0]:[0,0;0]:[0,0;0]:[1,0;4]:[-1,0;4]:[0,0;0]:[0,0;0]:[1,0;4]:[1,0;4]:[0,0;0]:[0,0;0]:[1,0;4]:[-1,0;4]:[0,0;0]:[0,0;0]:[0,0;0]:[0,0;0]:[0,0;0]:[0,0;0]:[-1,0;5]:[1,0;5]:[0,0;0]:[0,0;0]:[0,0;0]:[0,0;0]:[0,0;0]:[0,0;0]:[1,0;5]:[-1,0;5]:[0,0;0]:[0,0;0]:[0,0;0]:[0,0;0]:[0,0;0]:[0,0;0]:[1,0;5]:[1,0;5]:[0,0;0]:[0,0;0]:[1,0;3]:[-1,0;3]:[0,0;0]:[0,0;0]:[1,0;5]:[1,0;5]:[0,0;0]:
[0,0;0]:[0,0;0]:[0,0;0]:[1,0;2]:[0,0;0]:[0,0;0]:[1,0;5]:[0,0;0]:[0,0;0]:[0,0;0]:[3,0;5]:[0,0;0]:[0,0;0]:[0,0;0]:[1,0;5]:[0,0;0]:[0,0;0]:[1,0;5]:[0,0;0]:[0,0;0]:[0,0;0]:[0,0;0]:[0,0;0]:[0,0;0]:[0,0;0]:[0,0;0]:[0,0;0]:[0,0;0]:[0,0;0]:[0,0;0]:[0,0;0]:[0,0;0]:[0,0;0]:[0,0;0]:[0,0;0]:[0,0;0]:[0,0;0]:[1,0;6]:[0,0;0]:[0,0;0]:[0,0;0]:[1,0;4]:[0,0;0]:[0,0;0]:[0,0;0]:[1,0;6]:[0,0;0]:[0,0;0]:[0,0;0]:[-1,0;2]:[0,0;0]:[0,0;0]:[0,0;0]:[0,0;0]:[-1,0;6]:[0,0;0]:[0,0;0]:[0,0;0]:[0,0;0]:[0,0;0]:[0,0;0]:[0,0;0]:[1,0;6]:[0,0;0]:
[0,0;0]:[0,0;0]:[0,0;0]:[0,0;0]:[-1,0;7]:[0,0;0]:[0,0;0]:[1,-1;7]:[-1,0;4]:[0,0;0]:[0,0;0]:[0,0;0]:[1,0;7]:[0,0;0]:[0,0;0]:[-1,-1;7]:[-1,0;4]:[0,0;0]:[0,0;0]:[-1,0;4]:[1,1;7]:[0,0;0]:[0,0;0]:[-1,-2;7]:[-1,0;5]:[0,0;0]:[0,0;0]:[1,0;5]:[1,-1;7]:[0,0;0]:[0,0;0]:[-1,2;7]:[-1,0;6]:[0,0;0]:[0,0;0]:[-1,0;6]:[0,0;0]:[0,0;0]:[0,0;0]:[-1,0;5]:[1,0;5]:[0,0;0]:[0,0;0]:[0,0;0]:[0,0;0]:[0,0;0]:[0,0;0]:[-1,0;5]:[1,0;3]:[0,0;0]:[0,0;0]:[-1,0;5]:[-1,-1;6]:[0,0;0]:[0,0;0]:[-1,-1;6]:[1,0;6]:[0,0;0]:[0,0;0]:[1,0;6]:[-1,1;6]:[0,0;0]:[0,0;0]:[-1,1;6]:
[0,0;0]:[-1,0;7]:[0,0;0]:[0,0;0]:[-7,-2;9]:[-1,1;7]:[0,0;0]:[-1,-1;9]:[1,0;6]:[-1,0;4]:[0,0;0]:[0,0;0]:[7,-2;9]:[1,1;7]:[0,0;0]:[1,-1;9]:[-1,0;6]:[0,0;0]:[0,0;0]:[1,0;6]:[-1,1;9]:[0,0;0]:[0,0;0]:[1,0;9]:[3,0;7]:[0,0;0]:[-1,0;7]:[1,0;7]:[-1,-1;9]:[0,0;0]:[0,0;0]:[1,0;9]:[-1,0;8]:[0,0;0]:[-1,0;6]:[-1,0;8]:[0,0;0]:[0,0;0]:[1,-1;8]:[1,0;7]:[1,0;7]:[0,0;0]:[1,0;5]:[1,0;5]:[0,0;0]:[0,0;0]:[-1,-1;8]:[1,0;7]:[0,0;0]:[0,0;0]:[1,0;5]:[-1,0;7]:[-3,1;8]:[-1,-1;8]:[0,0;0]:[1,-1;8]:[1,0;8]:[0,0;0]:[0,0;0]:[-7,0;8]:[-3,-1;8]:[-1,1;8]:[0,0;0]:[1,1;8]:
[0,0;0]:[0,0;0]:[-1,0;5]:[0,0;0]:[0,0;0]:[0,0;0]:[-1,1;5]:[0,0;0]:[0,0;0]:[0,0;0]:[-1,0;2]:[0,0;0]:[0,0;0]:[0,0;0]:[1,1;5]:[0,0;0]:[0,0;0]:[0,0;0]:[0,0;0]:[0,0;0]:[0,0;0]:[0,0;0]:[0,0;0]:[0,0;0]:[0,0;0]:[1,0;5]:[0,0;0]:[0,0;0]:[0,0;0]:[0,0;0]:[0,0;0]:[0,0;0]:[0,0;0]:[1,0;4]:[0,0;0]:[0,0;0]:[0,0;0]:[-1,1;6]:[0,0;0]:[0,0;0]:[0,0;0]:[-1,0;3]:[0,0;0]:[0,0;0]:[0,0;0]:[1,1;6]:[0,0;0]:[0,0;0]:[0,0;0]:[-1,0;3]:[0,0;0]:[0,0;0]:[0,0;0]:[0,0;0]:[-1,-1;6]:[0,0;0]:[0,0;0]:[0,0;0]:[0,0;0]:[0,0;0]:[0,0;0]:[0,0;0]:[-1,1;6]:[0,0;0]:
[0,0;0]:[-1,0;5]:[-1,0;7]:[0,0;0]:[1,-1;9]:[1,1;6]:[-1,0;7]:[-1,0;9]:[0,0;0]:[-1,0;6]:[0,0;0]:[-1,0;6]:[-1,-1;9]:[1,-1;6]:[1,0;7]:[1,0;9]:[-1,0;6]:[0,0;0]:[-1,0;6]:[-1,0;6]:[-1,-2;9]:[1,-1;6]:[-1,0;5]:[1,1;9]:[1,0;7]:[1,0;7]:[-1,0;5]:[-1,0;7]:[-1,2;9]:[-1,-1;6]:[-1,0;5]:[1,-1;9]:[-1,0;8]:[-1,0;6]:[1,0;4]:[-1,0;8]:[-1,0;7]:[1,0;8]:[1,0;6]:[0,0;0]:[0,0;0]:[0,0;0]:[-1,0;5]:[1,0;7]:[-1,0;7]:[-1,0;8]:[-1,0;6]:[0,0;0]:[-1,0;7]:[0,0;0]:[0,0;0]:[1,0;5]:[-1,-1;8]:[-1,1;6]:[1,0;8]:[-1,-1;8]:[1,0;8]:[1,0;4]:[1,0;4]:[1,0;8]:[-1,1;8]:[-1,-1;6]:[1,0;8]:[-1,1;8]:
[0,0;0]:[0,0;0]:[0,0;0]:[0,0;0]:[1,2;7]:[0,0;0]:[0,0;0]:[-1,-1;7]:[1,0;4]:[0,0;0]:[0,0;0]:[0,0;0]:[-1,2;7]:[0,0;0]:[0,0;0]:[1,-1;7]:[-1,0;4]:[0,0;0]:[0,0;0]:[-1,0;4]:[-1,1;7]:[0,0;0]:[0,0;0]:[1,0;7]:[1,0;5]:[0,0;0]:[0,0;0]:[-1,0;5]:[-1,-1;7]:[0,0;0]:[0,0;0]:[1,0;7]:[1,0;6]:[0,0;0]:[0,0;0]:[1,0;6]:[0,0;0]:[0,0;0]:[0,0;0]:[1,0;5]:[1,0;5]:[0,0;0]:[0,0;0]:[-1,0;3]:[0,0;0]:[0,0;0]:[0,0;0]:[1,0;5]:[0,0;0]:[0,0;0]:[0,0;0]:[-1,0;5]:[1,-1;6]:[0,0;0]:[0,0;0]:[1,-1;6]:[-1,0;6]:[0,0;0]:[0,0;0]:[-1,0;6]:[1,1;6]:[0,0;0]:[0,0;0]:[1,1;6]:
[0,0;0]:[1,0;7]:[0,0;0]:[0,0;0]:[-5,2;9]:[1,1;7]:[0,0;0]:[-3,1;9]:[-1,0;6]:[0,0;0]:[0,0;0]:[0,0;0]:[5,2;9]:[-1,1;7]:[0,0;0]:[3,1;9]:[1,0;6]:[0,0;0]:[-1,0;4]:[-1,0;6]:[-3,-1;9]:[0,0;0]:[0,0;0]:[3,0;9]:[1,0;7]:[0,0;0]:[1,0;7]:[3,0;7]:[-3,1;9]:[0,0;0]:[0,0;0]:[3,0;9]:[5,0;8]:[0,0;0]:[1,0;6]:[-3,0;8]:[0,0;0]:[0,0;0]:[-1,-1;8]:[-1,0;7]:[-1,0;7]:[0,0;0]:[1,0;5]:[-1,0;5]:[0,0;0]:[0,0;0]:[1,-1;8]:[-1,0;7]:[0,0;0]:[0,0;0]:[-1,0;5]:[1,0;7]:[-1,-1;8]:[1,-1;8]:[0,0;0]:[3,1;8]:[3,0;8]:[0,0;0]:[0,0;0]:[3,0;8]:[-1,1;8]:[1,1;8]:[0,0;0]:[3,-1;8]:
[0,0;0]:[0,0;0]:[1,0;5]:[0,0;0]:[0,0;0]:[0,0;0]:[1,1;5]:[0,0;0]:[0,0;0]:[0,0;0]:[0,0;0]:[0,0;0]:[0,0;0]:[0,0;0]:[-1,1;5]:[0,0;0]:[0,0;0]:[1,0;2]:[0,0;0]:[0,0;0]:[0,0;0]:[0,0;0]:[0,0;0]:[0,0;0]:[0,0;0]:[-1,0;5]:[0,0;0]:[0,0;0]:[0,0;0]:[0,0;0]:[0,0;0]:[0,0;0]:[0,0;0]:[-1,0;4]:[0,0;0]:[0,0;0]:[0,0;0]:[1,1;6]:[0,0;0]:[0,0;0]:[0,0;0]:[-1,0;3]:[0,0;0]:[0,0;0]:[0,0;0]:[-1,1;6]:[0,0;0]:[0,0;0]:[0,0;0]:[1,0;3]:[0,0;0]:[0,0;0]:[0,0;0]:[0,0;0]:[1,-1;6]:[0,0;0]:[0,0;0]:[0,0;0]:[0,0;0]:[0,0;0]:[0,0;0]:[0,0;0]:[1,1;6]:[0,0;0]:
[0,0;0]:[0,0;0]:[3,0;7]:[0,0;0]:[-1,-1;9]:[-1,1;6]:[1,0;7]:[1,2;9]:[0,0;0]:[1,0;6]:[0,0;0]:[1,0;6]:[1,-1;9]:[-1,-1;6]:[-1,0;7]:[-1,2;9]:[-1,0;6]:[0,0;0]:[1,0;6]:[-1,0;6]:[1,0;9]:[-1,0;6]:[0,0;0]:[-1,1;9]:[-1,0;7]:[1,0;7]:[-1,0;3]:[1,0;7]:[1,0;9]:[1,0;6]:[0,0;0]:[-1,-1;9]:[1,0;8]:[1,0;6]:[1,0;4]:[1,0;8]:[1,0;7]:[-3,0;8]:[0,0;0]:[0,0;0]:[-1,0;5]:[0,0;0]:[1,0;5]:[1,0;7]:[1,0;7]:[3,0;8]:[0,0;0]:[0,0;0]:[-1,0;7]:[0,0;0]:[0,0;0]:[0,0;0]:[1,-1;8]:[-1,-1;5]:[1,0;8]:[1,-1;8]:[-1,0;8]:[0,0;0]:[0,0;0]:[-1,0;8]:[1,1;8]:[1,-1;5]:[1,0;8]:[1,1;8]:
[0,0;0]:[0,0;0]:[0,0;0]:[0,0;0]:[-1,1;6]:[0,0;0]:[0,0;0]:[1,0;6]:[1,0;3]:[0,0;0]:[0,0;0]:[0,0;0]:[1,1;6]:[0,0;0]:[0,0;0]:[-1,0;6]:[0,0;0]:[0,0;0]:[0,0;0]:[0,0;0]:[1,0;6]:[0,0;0]:[0,0;0]:[-1,1;6]:[-1,0;4]:[0,0;0]:[0,0;0]:[1,0;4]:[1,0;6]:[0,0;0]:[0,0;0]:[-1,-1;6]:[-1,0;5]:[0,0;0]:[0,0;0]:[-1,0;5]:[0,0;0]:[0,0;0]:[0,0;0]:[1,0;4]:[0,0;0]:[0,0;0]:[0,0;0]:[-1,0;4]:[0,0;0]:[0,0;0]:[0,0;0]:[1,0;4]:[-1,0;4]:[0,0;0]:[0,0;0]:[0,0;0]:[-1,0;5]:[0,0;0]:[0,0;0]:[-1,0;5]:[1,0;5]:[0,0;0]:[0,0;0]:[1,0;5]:[-1,0;5]:[0,0;0]:[0,0;0]:[-1,0;5]:
[0,0;0]:[-1,0;6]:[0,0;0]:[0,0;0]:[1,-2;8]:[-1,0;6]:[0,0;0]:[-1,-1;8]:[1,0;5]:[1,0;5]:[0,0;0]:[0,0;0]:[-1,-2;8]:[1,0;6]:[0,0;0]:[1,-1;8]:[-1,0;5]:[0,0;0]:[-1,0;5]:[1,0;5]:[-1,1;8]:[0,0;0]:[0,0;0]:[1,0;8]:[-1,0;6]:[0,0;0]:[-1,0;6]:[1,0;6]:[-1,-1;8]:[0,0;0]:[0,0;0]:[1,0;8]:[3,0;7]:[0,0;0]:[-1,0;5]:[-1,0;7]:[0,0;0]:[0,0;0]:[1,0;7]:[1,0;6]:[1,0;6]:[0,0;0]:[0,0;0]:[1,0;4]:[0,0;0]:[0,0;0]:[-1,0;7]:[1,0;6]:[0,0;0]:[0,0;0]:[-1,0;4]:[-1,0;6]:[1,1;7]:[-1,0;7]:[0,0;0]:[1,-1;7]:[1,0;7]:[0,0;0]:[0,0;0]:[5,0;7]:[1,-1;7]:[-1,0;7]:[0,0;0]:[1,1;7]:
[0,0;0]:[0,0;0]:[-1,0;4]:[0,0;0]:[0,0;0]:[0,0;0]:[-1,0;4]:[0,0;0]:[0,0;0]:[0,0;0]:[1,0;3]:[0,0;0]:[0,0;0]:[0,0;0]:[1,0;4]:[0,0;0]:[0,0;0]:[1,0;3]:[0,0;0]:[0,0;0]:[0,0;0]:[0,0;0]:[0,0;0]:[0,0;0]:[0,0;0]:[1,0;4]:[0,0;0]:[0,0;0]:[0,0;0]:[0,0;0]:[0,0;0]:[0,0;0]:[0,0;0]:[1,0;3]:[0,0;0]:[0,0;0]:[0,0;0]:[-1,0;5]:[0,0;0]:[0,0;0]:[0,0;0]:[0,0;0]:[0,0;0]:[0,0;0]:[0,0;0]:[1,0;5]:[0,0;0]:[0,0;0]:[0,0;0]:[1,0;2]:[0,0;0]:[0,0;0]:[0,0;0]:[0,0;0]:[-1,0;5]:[0,0;0]:[0,0;0]:[0,0;0]:[0,0;0]:[0,0;0]:[0,0;0]:[0,0;0]:[-1,0;5]:[0,0;0]:
[0,0;0]:[1,0;6]:[1,0;4]:[0,0;0]:[1,0;8]:[1,0;5]:[1,0;6]:[-1,1;8]:[0,0;0]:[-1,0;5]:[0,0;0]:[1,0;5]:[-1,0;8]:[1,0;5]:[-1,0;6]:[1,1;8]:[0,0;0]:[0,0;0]:[-1,0;5]:[0,0;0]:[-1,1;8]:[1,1;6]:[1,0;6]:[1,0;8]:[1,0;6]:[0,0;0]:[-1,0;6]:[-1,0;6]:[-1,-1;8]:[1,-1;6]:[1,0;6]:[1,0;8]:[-1,0;7]:[1,0;5]:[0,0;0]:[-1,0;7]:[1,0;6]:[-1,0;5]:[-1,0;7]:[0,0;0]:[-1,0;6]:[0,0;0]:[-1,0;4]:[0,0;0]:[1,0;6]:[1,0;5]:[1,0;7]:[0,0;0]:[0,0;0]:[0,0;0]:[0,0;0]:[-1,0;6]:[-1,0;7]:[-1,2;7]:[0,0;0]:[-1,0;7]:[1,0;7]:[-1,0;5]:[-1,0;5]:[1,0;7]:[-1,0;7]:[-1,-2;7]:[0,0;0]:[-1,0;7]:
[0,0;0]:[-1,0;5]:[0,0;0]:[0,0;0]:[0,0;0]:[1,0;5]:[0,0;0]:[-1,0;6]:[-1,0;4]:[0,0;0]:[0,0;0]:[0,0;0]:[0,0;0]:[-1,0;5]:[0,0;0]:[-1,0;6]:[1,0;4]:[0,0;0]:[0,0;0]:[-1,0;4]:[1,0;6]:[0,0;0]:[0,0;0]:[1,0;4]:[0,0;0]:[0,0;0]:[-1,0;5]:[0,0;0]:[-1,0;6]:[0,0;0]:[0,0;0]:[-1,0;4]:[0,0;0]:[0,0;0]:[-1,0;4]:[0,0;0]:[0,0;0]:[0,0;0]:[-1,0;6]:[1,0;5]:[-1,0;5]:[0,0;0]:[0,0;0]:[0,0;0]:[0,0;0]:[0,0;0]:[1,0;6]:[1,0;5]:[1,0;3]:[0,0;0]:[0,0;0]:[1,0;5]:[1,0;5]:[1,0;6]:[0,0;0]:[-1,0;5]:[0,0;0]:[0,0;0]:[0,0;0]:[0,0;0]:[-1,0;5]:[1,0;6]:[0,0;0]:[1,0;5]:
[0,0;0]:[0,0;0]:[0,0;0]:[1,0;1]:[0,0;0]:[0,0;0]:[-1,0;4]:[0,0;0]:[0,0;0]:[0,0;0]:[-1,0;4]:[0,0;0]:[0,0;0]:[0,0;0]:[-1,0;4]:[0,0;0]:[0,0;0]:[1,0;4]:[0,0;0]:[0,0;0]:[0,0;0]:[0,0;0]:[0,0;0]:[0,0;0]:[0,0;0]:[0,0;0]:[0,0;0]:[0,0;0]:[0,0;0]:[0,0;0]:[0,0;0]:[0,0;0]:[0,0;0]:[0,0;0]:[0,0;0]:[0,0;0]:[0,0;0]:[-1,0;5]:[0,0;0]:[0,0;0]:[0,0;0]:[-1,0;3]:[0,0;0]:[0,0;0]:[0,0;0]:[-1,0;5]:[0,0;0]:[0,0;0]:[0,0;0]:[0,0;0]:[0,0;0]:[0,0;0]:[0,0;0]:[0,0;0]:[1,0;5]:[0,0;0]:[0,0;0]:[0,0;0]:[0,0;0]:[0,0;0]:[0,0;0]:[0,0;0]:[-1,0;5]:[0,0;0]:
[0,0;0]:[0,0;0]:[0,0;0]:[0,0;0]:[-1,0;7]:[1,0;4]:[0,0;0]:[-1,0;7]:[0,0;0]:[1,0;2]:[0,0;0]:[0,0;0]:[1,0;7]:[1,0;4]:[0,0;0]:[1,0;7]:[0,0;0]:[0,0;0]:[0,0;0]:[0,0;0]:[-1,0;7]:[0,0;0]:[0,0;0]:[-1,0;7]:[-1,0;5]:[0,0;0]:[0,0;0]:[-1,0;5]:[-1,0;7]:[0,0;0]:[0,0;0]:[-1,0;7]:[-1,0;6]:[0,0;0]:[0,0;0]:[1,0;6]:[0,0;0]:[0,0;0]:[-1,0;5]:[0,0;0]:[0,0;0]:[0,0;0]:[-1,0;3]:[0,0;0]:[0,0;0]:[0,0;0]:[-1,0;5]:[0,0;0]:[0,0;0]:[0,0;0]:[1,0;3]:[0,0;0]:[-1,0;6]:[-1,0;5]:[0,0;0]:[1,0;6]:[-1,0;6]:[0,0;0]:[0,0;0]:[1,0;6]:[-1,0;6]:[1,0;5]:[0,0;0]:[1,0;6]:
[0,0;0]:[-1,0;5]:[-1,0;5]:[0,0;0]:[-1,0;6]:[0,0;0]:[0,0;0]:[-1,0;6]:[0,0;0]:[0,0;0]:[0,0;0]:[0,0;0]:[-1,0;6]:[0,0;0]:[0,0;0]:[-1,0;6]:[-1,0;4]:[0,0;0]:[0,0;0]:[1,0;4]:[1,0;6]:[1,0;5]:[1,0;5]:[1,0;6]:[0,0;0]:[-1,0;5]:[1,0;5]:[0,0;0]:[-1,0;6]:[1,0;5]:[1,0;5]:[-1,0;6]:[0,0;0]:[0,0;0]:[0,0;0]:[0,0;0]:[0,0;0]:[-1,0;6]:[-1,0;6]:[0,0;0]:[-1,0;5]:[0,0;0]:[0,0;0]:[-1,0;5]:[0,0;0]:[1,0;6]:[1,0;6]:[0,0;0]:[1,0;5]:[0,0;0]:[0,0;0]:[1,0;5]:[-1,0;5]:[-1,0;6]:[1,0;6]:[1,0;5]:[0,0;0]:[1,0;4]:[1,0;4]:[0,0;0]:[1,0;5]:[-1,0;6]:[1,0;6]:[-1,0;5]:
[0,0;0]:[-1,0;8]:[1,0;8]:[0,0;0]:[-1,0;9]:[1,0;7]:[0,0;0]:[-3,-6;9]:[0,0;0]:[1,0;7]:[0,0;0]:[1,0;5]:[-1,0;9]:[1,0;7]:[0,0;0]:[-3,6;9]:[1,0;7]:[0,0;0]:[1,0;7]:[-1,0;7]:[-1,2;9]:[-1,-2;8]:[1,0;8]:[1,0;9]:[0,0;0]:[1,0;8]:[1,0;8]:[1,0;4]:[1,2;9]:[-1,2;8]:[1,0;8]:[-1,0;9]:[0,0;0]:[0,0;0]:[0,0;0]:[0,0;0]:[1,0;6]:[-1,0;9]:[1,-1;9]:[0,0;0]:[3,0;8]:[0,0;0]:[1,0;6]:[1,0;8]:[1,0;6]:[1,0;9]:[-1,-1;9]:[0,0;0]:[-1,0;8]:[0,0;0]:[0,0;0]:[1,0;8]:[-1,0;8]:[1,3;9]:[1,0;9]:[1,-2;8]:[-1,0;3]:[-1,0;7]:[1,0;7]:[0,0;0]:[1,0;8]:[1,-3;9]:[1,0;9]:[-1,-2;8]:
[0,0;0]:[-1,0;6]:[0,0;0]:[0,0;0]:[1,-1;8]:[0,0;0]:[1,0;6]:[-1,0;8]:[0,0;0]:[0,0;0]:[0,0;0]:[-1,0;5]:[-1,-1;8]:[0,0;0]:[-1,0;6]:[1,0;8]:[-1,0;5]:[0,0;0]:[0,0;0]:[-1,0;5]:[-1,-2;8]:[1,-1;6]:[1,0;6]:[1,1;8]:[1,0;6]:[-1,0;4]:[1,0;6]:[-1,0;6]:[-1,2;8]:[1,1;6]:[1,0;6]:[1,-1;8]:[-1,0;7]:[1,0;5]:[0,0;0]:[-1,0;7]:[-1,0;6]:[0,0;0]:[1,1;7]:[0,0;0]:[0,0;0]:[0,0;0]:[0,0;0]:[1,0;6]:[-1,0;6]:[0,0;0]:[-1,1;7]:[0,0;0]:[-1,0;6]:[0,0;0]:[0,0;0]:[1,0;4]:[-1,-1;7]:[1,-1;7]:[-1,0;5]:[-1,-1;7]:[1,0;7]:[-1,0;5]:[-1,0;5]:[1,0;7]:[-1,1;7]:[1,1;7]:[-1,0;5]:[-1,1;7]:
[0,0;0]:[-1,0;8]:[1,0;8]:[0,0;0]:[-1,0;9]:[-1,0;6]:[-1,-1;7]:[3,0;9]:[0,0;0]:[0,0;0]:[1,0;7]:[1,0;5]:[-1,0;9]:[1,0;6]:[-1,1;7]:[3,0;9]:[1,0;7]:[-1,0;7]:[0,0;0]:[1,0;7]:[1,0;9]:[-3,0;8]:[3,-2;8]:[1,0;9]:[0,0;0]:[-3,0;8]:[-3,0;8]:[0,0;0]:[-1,0;9]:[-3,0;8]:[3,2;8]:[-1,0;9]:[0,0;0]:[1,0;5]:[1,0;5]:[0,0;0]:[-1,1;6]:[1,-1;9]:[-1,0;9]:[0,0;0]:[3,0;8]:[-1,0;6]:[0,0;0]:[-1,0;8]:[-1,-1;6]:[-1,-1;9]:[1,0;9]:[0,0;0]:[1,0;8]:[0,0;0]:[0,0;0]:[1,0;8]:[-1,0;8]:[3,0;9]:[3,-3;9]:[-1,0;8]:[0,0;0]:[3,0;7]:[-3,0;7]:[0,0;0]:[1,0;8]:[3,0;9]:[3,3;9]:[1,0;8]:
[0,0;0]:[1,0;6]:[0,0;0]:[0,0;0]:[-5,-1;8]:[1,-1;6]:[0,0;0]:[1,0;8]:[1,0;5]:[1,0;3]:[0,0;0]:[0,0;0]:[5,-1;8]:[-1,-1;6]:[0,0;0]:[-1,0;8]:[0,0;0]:[0,0;0]:[0,0;0]:[0,0;0]:[1,0;8]:[0,0;0]:[0,0;0]:[3,-1;8]:[1,0;6]:[0,0;0]:[1,0;6]:[-1,0;6]:[1,0;8]:[0,0;0]:[0,0;0]:[3,1;8]:[1,0;7]:[0,0;0]:[1,0;5]:[1,0;7]:[0,0;0]:[0,0;0]:[-1,1;7]:[1,0;6]:[0,0;0]:[0,0;0]:[-1,0;4]:[1,0;6]:[0,0;0]:[0,0;0]:[1,1;7]:[1,0;6]:[1,0;6]:[0,0;0]:[-1,0;4]:[0,0;0]:[-1,0;7]:[1,1;7]:[0,0;0]:[-1,0;7]:[-1,0;7]:[0,0;0]:[0,0;0]:[-1,0;7]:[-1,0;7]:[1,-1;7]:[0,0;0]:[-1,0;7]:
[0,0;0]:[1,0;8]:[-1,0;8]:[0,0;0]:[1,-2;9]:[-1,0;7]:[0,0;0]:[3,-4;9]:[0,0;0]:[-1,0;7]:[0,0;0]:[-1,0;5]:[1,2;9]:[-1,0;7]:[0,0;0]:[3,4;9]:[-1,0;7]:[0,0;0]:[-1,0;7]:[1,0;7]:[1,4;9]:[1,-2;8]:[-1,0;8]:[-1,-2;9]:[1,0;4]:[-1,0;8]:[-1,0;8]:[0,0;0]:[-1,4;9]:[1,2;8]:[-1,0;8]:[1,-2;9]:[-1,0;5]:[0,0;0]:[0,0;0]:[1,0;5]:[-1,0;6]:[1,0;9]:[-1,-3;9]:[0,0;0]:[-3,0;8]:[0,0;0]:[-1,0;6]:[-1,0;8]:[-1,0;6]:[-1,0;9]:[1,-3;9]:[0,0;0]:[1,0;8]:[0,0;0]:[0,0;0]:[-1,0;8]:[1,2;8]:[-1,1;9]:[-1,0;9]:[-1,0;8]:[1,0;5]:[1,0;7]:[-1,0;7]:[1,0;5]:[-1,2;8]:[-1,-1;9]:[-1,0;9]:[1,0;8]:
[0,0;0]:[-1,0;6]:[-1,0;4]:[0,0;0]:[-1,-1;8]:[0,0;0]:[-1,0;6]:[1,2;8]:[0,0;0]:[0,0;0]:[0,0;0]:[1,0;5]:[1,-1;8]:[0,0;0]:[1,0;6]:[-1,2;8]:[-1,0;5]:[0,0;0]:[0,0;0]:[-1,0;5]:[1,0;8]:[1,1;6]:[1,0;6]:[-1,1;8]:[-1,0;6]:[0,0;0]:[1,0;6]:[1,0;6]:[1,0;8]:[1,-1;6]:[1,0;6]:[-1,-1;8]:[1,0;7]:[-1,0;5]:[0,0;0]:[1,0;7]:[1,0;6]:[1,0;5]:[1,-1;7]:[0,0;0]:[-1,0;4]:[0,0;0]:[0,0;0]:[1,0;6]:[1,0;6]:[-1,0;5]:[-1,-1;7]:[0,0;0]:[-1,0;6]:[0,0;0]:[0,0;0]:[0,0;0]:[1,-1;7]:[1,1;7]:[0,0;0]:[1,-1;7]:[-1,0;7]:[-1,0;5]:[-1,0;5]:[-1,0;7]:[1,1;7]:[1,-1;7]:[0,0;0]:[1,1;7]:
[0,0;0]:[5,0;8]:[-1,0;8]:[0,0;0]:[1,0;9]:[1,0;6]:[1,-1;7]:[1,0;9]:[0,0;0]:[0,0;0]:[-1,0;7]:[1,0;5]:[1,0;9]:[-1,0;6]:[1,1;7]:[1,0;9]:[-1,0;7]:[1,0;7]:[0,0;0]:[-1,0;7]:[3,0;9]:[-1,0;8]:[1,2;8]:[-1,0;9]:[0,0;0]:[-5,0;8]:[-1,0;8]:[0,0;0]:[-3,0;9]:[-1,0;8]:[1,-2;8]:[1,0;9]:[0,0;0]:[1,0;5]:[-1,0;5]:[0,0;0]:[-1,-1;6]:[-1,1;9]:[5,0;9]:[0,0;0]:[1,0;8]:[1,0;6]:[0,0;0]:[1,0;8]:[-1,1;6]:[1,1;9]:[-5,0;9]:[0,0;0]:[-1,0;8]:[0,0;0]:[0,0;0]:[3,0;8]:[1,0;8]:[1,0;9]:[5,3;9]:[1,0;8]:[0,0;0]:[1,0;7]:[-1,0;7]:[0,0;0]:[-1,0;8]:[1,0;9]:[5,-3;9]:[-1,0;8]:
[0,0;0]:[-1,0;6]:[0,0;0]:[0,0;0]:[-3,1;8]:[-1,-1;6]:[0,0;0]:[-1,0;8]:[-1,0;5]:[0,0;0]:[0,0;0]:[0,0;0]:[3,1;8]:[1,-1;6]:[0,0;0]:[1,0;8]:[0,0;0]:[0,0;0]:[1,0;3]:[0,0;0]:[-1,0;8]:[0,0;0]:[0,0;0]:[5,1;8]:[-1,0;6]:[0,0;0]:[-1,0;6]:[1,0;6]:[-1,0;8]:[0,0;0]:[0,0;0]:[5,-1;8]:[-1,0;7]:[0,0;0]:[-1,0;5]:[-1,0;7]:[0,0;0]:[0,0;0]:[1,1;7]:[-1,0;6]:[0,0;0]:[0,0;0]:[-1,0;4]:[-1,0;6]:[0,0;0]:[0,0;0]:[-1,1;7]:[-1,0;6]:[-1,0;6]:[0,0;0]:[1,0;4]:[0,0;0]:[1,0;7]:[-1,1;7]:[0,0;0]:[1,0;7]:[1,0;7]:[0,0;0]:[0,0;0]:[1,0;7]:[1,0;7]:[-1,-1;7]:[0,0;0]:[1,0;7]:
[0,0;0]:[-1,0;7]:[1,0;7]:[0,0;0]:[-1,-1;8]:[-1,0;6]:[0,0;0]:[-3,1;8]:[0,0;0]:[-1,0;6]:[0,0;0]:[1,0;4]:[-1,1;8]:[-1,0;6]:[0,0;0]:[-3,-1;8]:[1,0;6]:[0,0;0]:[-1,0;6]:[-1,0;6]:[-1,1;8]:[-1,0;7]:[1,0;7]:[1,-1;8]:[1,0;5]:[1,0;7]:[1,0;7]:[-1,0;5]:[1,1;8]:[-1,0;7]:[1,0;7]:[-1,-1;8]:[-1,0;6]:[0,0;0]:[0,0;0]:[1,0;6]:[1,0;5]:[-1,0;8]:[1,-1;8]:[0,0;0]:[3,0;7]:[0,0;0]:[-1,0;5]:[1,0;7]:[1,0;5]:[1,0;8]:[-1,-1;8]:[0,0;0]:[-1,0;7]:[0,0;0]:[0,0;0]:[1,0;7]:[-1,1;7]:[1,-1;8]:[1,0;8]:[1,1;7]:[3,0;6]:[-1,0;6]:[1,0;6]:[1,0;6]:[1,1;7]:[1,1;8]:[1,0;8]:[-1,1;7]:
[0,0;0]:[0,0;0]:[-1,0;5]:[0,0;0]:[1,0;7]:[0,0;0]:[-1,0;5]:[-1,1;7]:[0,0;0]:[0,0;0]:[0,0;0]:[1,0;4]:[-1,0;7]:[0,0;0]:[1,0;5]:[1,1;7]:[0,0;0]:[0,0;0]:[0,0;0]:[0,0;0]:[-1,1;7]:[-1,0;4]:[0,0;0]:[1,0;7]:[1,0;5]:[1,0;5]:[0,0;0]:[-1,0;5]:[-1,-1;7]:[1,0;4]:[0,0;0]:[1,0;7]:[-1,0;6]:[-1,0;4]:[0,0;0]:[-1,0;6]:[1,0;5]:[1,0;6]:[1,0;5]:[0,0;0]:[-1,0;5]:[0,0;0]:[0,0;0]:[0,0;0]:[1,0;5]:[-1,0;6]:[1,0;5]:[0,0;0]:[0,0;0]:[0,0;0]:[0,0;0]:[-1,0;5]:[-1,0;6]:[-1,0;5]:[1,0;6]:[-1,0;6]:[1,0;6]:[0,0;0]:[0,0;0]:[1,0;6]:[-1,0;6]:[1,0;5]:[1,0;6]:[-1,0;6]:
[0,0;0]:[3,0;7]:[-1,0;7]:[0,0;0]:[1,0;8]:[1,0;5]:[-1,0;6]:[-1,0;8]:[0,0;0]:[0,0;0]:[1,0;6]:[0,0;0]:[1,0;8]:[-1,0;5]:[-1,0;6]:[-1,0;8]:[-1,0;6]:[-1,0;6]:[0,0;0]:[-1,0;6]:[1,0;8]:[1,0;7]:[-1,-2;7]:[-1,0;8]:[0,0;0]:[-1,0;7]:[1,0;7]:[0,0;0]:[-1,0;8]:[1,0;7]:[-1,2;7]:[1,0;8]:[0,0;0]:[0,0;0]:[-1,0;4]:[0,0;0]:[1,0;4]:[-1,-1;8]:[3,0;8]:[0,0;0]:[-1,0;7]:[-1,0;5]:[0,0;0]:[1,0;7]:[-1,0;4]:[1,-1;8]:[-3,0;8]:[0,0;0]:[-1,0;7]:[0,0;0]:[0,0;0]:[1,0;7]:[1,0;7]:[-1,0;8]:[1,-3;8]:[1,0;7]:[0,0;0]:[-1,0;6]:[1,0;6]:[0,0;0]:[-1,0;7]:[-1,0;8]:[1,3;8]:[-1,0;7]:
[0,0;0]:[1,0;5]:[0,0;0]:[0,0;0]:[1,-1;7]:[1,0;5]:[0,0;0]:[-1,0;7]:[1,0;4]:[-1,0;4]:[0,0;0]:[0,0;0]:[-1,-1;7]:[-1,0;5]:[0,0;0]:[1,0;7]:[0,0;0]:[0,0;0]:[1,0;4]:[0,0;0]:[-1,0;7]:[0,0;0]:[0,0;0]:[1,-1;7]:[-1,0;5]:[0,0;0]:[1,0;5]:[1,0;5]:[-1,0;7]:[0,0;0]:[0,0;0]:[1,1;7]:[-1,0;6]:[0,0;0]:[1,0;4]:[-1,0;6]:[0,0;0]:[0,0;0]:[-1,0;6]:[1,0;5]:[0,0;0]:[0,0;0]:[0,0;0]:[1,0;5]:[0,0;0]:[0,0;0]:[1,0;6]:[1,0;5]:[1,0;5]:[0,0;0]:[1,0;3]:[0,0;0]:[1,0;6]:[1,0;6]:[0,0;0]:[1,0;6]:[1,0;6]:[0,0;0]:[0,0;0]:[1,0;6]:[1,0;6]:[1,0;6]:[0,0;0]:[1,0;6]:
[0,0;0]:[0,0;0]:[0,0;0]:[0,0;0]:[1,0;7]:[1,0;4]:[0,0;0]:[1,0;7]:[0,0;0]:[0,0;0]:[0,0;0]:[0,0;0]:[-1,0;7]:[1,0;4]:[0,0;0]:[-1,0;7]:[0,0;0]:[0,0;0]:[1,0;2]:[0,0;0]:[1,0;7]:[0,0;0]:[0,0;0]:[1,0;7]:[1,0;5]:[0,0;0]:[0,0;0]:[1,0;5]:[1,0;7]:[0,0;0]:[0,0;0]:[1,0;7]:[1,0;6]:[0,0;0]:[0,0;0]:[-1,0;6]:[0,0;0]:[0,0;0]:[-1,0;5]:[0,0;0]:[0,0;0]:[0,0;0]:[-1,0;3]:[0,0;0]:[0,0;0]:[0,0;0]:[-1,0;5]:[0,0;0]:[0,0;0]:[0,0;0]:[-1,0;3]:[0,0;0]:[1,0;6]:[-1,0;5]:[0,0;0]:[-1,0;6]:[1,0;6]:[0,0;0]:[0,0;0]:[-1,0;6]:[1,0;6]:[1,0;5]:[0,0;0]:[-1,0;6]:
[0,0;0]:[0,0;0]:[-1,0;3]:[0,0;0]:[0,0;0]:[0,0;0]:[1,0;3]:[0,0;0]:[0,0;0]:[0,0;0]:[0,0;0]:[0,0;0]:[0,0;0]:[0,0;0]:[-1,0;3]:[0,0;0]:[0,0;0]:[0,0;0]:[0,0;0]:[0,0;0]:[0,0;0]:[0,0;0]:[0,0;0]:[0,0;0]:[0,0;0]:[1,0;3]:[0,0;0]:[0,0;0]:[0,0;0]:[0,0;0]:[0,0;0]:[0,0;0]:[0,0;0]:[1,0;2]:[0,0;0]:[0,0;0]:[0,0;0]:[1,0;4]:[0,0;0]:[0,0;0]:[0,0;0]:[0,0;0]:[0,0;0]:[0,0;0]:[0,0;0]:[-1,0;4]:[0,0;0]:[0,0;0]:[0,0;0]:[0,0;0]:[0,0;0]:[0,0;0]:[0,0;0]:[0,0;0]:[1,0;4]:[0,0;0]:[0,0;0]:[0,0;0]:[0,0;0]:[0,0;0]:[0,0;0]:[0,0;0]:[1,0;4]:[0,0;0]:
[0,0;0]:[1,0;5]:[0,0;0]:[0,0;0]:[-1,0;4]:[-1,0;5]:[0,0;0]:[-1,0;6]:[1,0;4]:[0,0;0]:[0,0;0]:[0,0;0]:[-1,0;4]:[1,0;5]:[0,0;0]:[-1,0;6]:[1,0;4]:[0,0;0]:[0,0;0]:[-1,0;4]:[1,0;6]:[0,0;0]:[0,0;0]:[0,0;0]:[0,0;0]:[0,0;0]:[1,0;5]:[0,0;0]:[-1,0;6]:[0,0;0]:[0,0;0]:[0,0;0]:[0,0;0]:[0,0;0]:[1,0;4]:[0,0;0]:[0,0;0]:[0,0;0]:[1,0;6]:[-1,0;5]:[-1,0;5]:[0,0;0]:[0,0;0]:[-1,0;3]:[0,0;0]:[0,0;0]:[-1,0;6]:[-1,0;5]:[0,0;0]:[0,0;0]:[0,0;0]:[1,0;5]:[1,0;5]:[-1,0;6]:[0,0;0]:[-1,0;5]:[0,0;0]:[0,0;0]:[0,0;0]:[0,0;0]:[-1,0;5]:[-1,0;6]:[0,0;0]:[1,0;5]:
[0,0;0]:[0,0;0]:[0,0;0]:[0,0;0]:[1,0;5]:[0,0;0]:[0,0;0]:[1,0;5]:[0,0;0]:[0,0;0]:[0,0;0]:[0,0;0]:[-1,0;5]:[0,0;0]:[0,0;0]:[-1,0;5]:[0,0;0]:[0,0;0]:[0,0;0]:[0,0;0]:[1,0;5]:[0,0;0]:[0,0;0]:[1,0;5]:[1,0;3]:[0,0;0]:[0,0;0]:[1,0;3]:[1,0;5]:[0,0;0]:[0,0;0]:[1,0;5]:[-1,0;4]:[0,0;0]:[0,0;0]:[1,0;4]:[0,0;0]:[0,0;0]:[0,0;0]:[0,0;0]:[0,0;0]:[0,0;0]:[0,0;0]:[0,0;0]:[0,0;0]:[0,0;0]:[0,0;0]:[0,0;0]:[0,0;0]:[0,0;0]:[0,0;0]:[0,0;0]:[-1,0;4]:[0,0;0]:[0,0;0]:[1,0;4]:[-1,0;4]:[0,0;0]:[0,0;0]:[1,0;4]:[-1,0;4]:[0,0;0]:[0,0;0]:[1,0;4]:
[0,0;0]:[1,0;8]:[-5,0;8]:[0,0;0]:[1,0;9]:[-1,0;6]:[1,1;7]:[-3,0;9]:[0,0;0]:[0,0;0]:[-1,0;7]:[-1,0;5]:[1,0;9]:[1,0;6]:[1,-1;7]:[-3,0;9]:[-1,0;7]:[1,0;7]:[0,0;0]:[-1,0;7]:[-1,0;9]:[-1,0;8]:[1,-2;8]:[-1,0;9]:[0,0;0]:[-1,0;8]:[-5,0;8]:[0,0;0]:[1,0;9]:[-1,0;8]:[1,2;8]:[1,0;9]:[0,0;0]:[-1,0;5]:[1,0;5]:[0,0;0]:[1,-1;6]:[-5,-3;9]:[1,0;9]:[0,0;0]:[-3,0;8]:[1,0;6]:[0,0;0]:[1,0;8]:[1,1;6]:[5,-3;9]:[-1,0;9]:[0,0;0]:[-1,0;8]:[0,0;0]:[0,0;0]:[-1,0;8]:[1,0;8]:[5,0;9]:[1,-1;9]:[1,0;8]:[0,0;0]:[1,0;7]:[-1,0;7]:[0,0;0]:[-1,0;8]:[5,0;9]:[1,1;9]:[-1,0;8]:
[0,0;0]:[-1,0;6]:[-1,0;6]:[0,0;0]:[0,0;0]:[0,0;0]:[1,0;5]:[0,0;0]:[0,0;0]:[0,0;0]:[1,0;5]:[0,0;0]:[0,0;0]:[0,0;0]:[1,0;5]:[0,0;0]:[0,0;0]:[-1,0;5]:[0,0;0]:[0,0;0]:[0,0;0]:[-1,0;6]:[-1,-2;6]:[0,0;0]:[0,0;0]:[-1,0;6]:[1,0;6]:[0,0;0]:[0,0;0]:[-1,0;6]:[-1,2;6]:[0,0;0]:[0,0;0]:[0,0;0]:[0,0;0]:[0,0;0]:[0,0;0]:[-1,1;7]:[-1,0;7]:[0,0;0]:[0,0;0]:[-1,0;4]:[0,0;0]:[0,0;0]:[0,0;0]:[1,1;7]:[1,0;7]:[0,0;0]:[0,0;0]:[0,0;0]:[0,0;0]:[0,0;0]:[0,0;0]:[-1,0;7]:[1,3;7]:[0,0;0]:[0,0;0]:[-1,0;5]:[-1,0;5]:[0,0;0]:[0,0;0]:[-1,0;7]:[1,-3;7]:[0,0;0]:
[0,0;0]:[1,0;8]:[-1,0;8]:[0,0;0]:[1,2;9]:[-1,0;7]:[0,0;0]:[-1,-4;9]:[0,0;0]:[-1,0;7]:[0,0;0]:[1,0;5]:[1,-2;9]:[-1,0;7]:[0,0;0]:[-1,4;9]:[-1,0;7]:[0,0;0]:[-1,0;7]:[1,0;7]:[-3,4;9]:[1,2;8]:[-1,0;8]:[-1,2;9]:[-1,0;4]:[-1,0;8]:[-1,0;8]:[0,0;0]:[3,4;9]:[1,-2;8]:[-1,0;8]:[1,2;9]:[1,0;5]:[0,0;0]:[0,0;0]:[1,0;5]:[1,0;6]:[1,0;9]:[-1,1;9]:[0,0;0]:[1,0;8]:[0,0;0]:[-1,0;6]:[-1,0;8]:[1,0;6]:[-1,0;9]:[1,1;9]:[0,0;0]:[1,0;8]:[0,0;0]:[0,0;0]:[3,0;8]:[1,-2;8]:[-1,-3;9]:[-1,0;9]:[-1,0;8]:[1,0;5]:[1,0;7]:[-1,0;7]:[-1,0;5]:[-1,-2;8]:[-1,3;9]:[-1,0;9]:[1,0;8]:
[0,0;0]:[0,0;0]:[0,0;0]:[0,0;0]:[-3,0;7]:[0,0;0]:[0,0;0]:[1,0;7]:[-1,0;3]:[0,0;0]:[0,0;0]:[0,0;0]:[-3,0;7]:[0,0;0]:[0,0;0]:[1,0;7]:[-1,0;5]:[0,0;0]:[0,0;0]:[-1,0;5]:[-1,0;7]:[0,0;0]:[0,0;0]:[-1,0;7]:[0,0;0]:[0,0;0]:[0,0;0]:[0,0;0]:[1,0;7]:[0,0;0]:[0,0;0]:[1,0;7]:[0,0;0]:[0,0;0]:[0,0;0]:[0,0;0]:[0,0;0]:[0,0;0]:[0,0;0]:[1,-1;4]:[1,0;6]:[0,0;0]:[0,0;0]:[-3,0;6]:[0,0;0]:[0,0;0]:[0,0;0]:[1,1;4]:[-1,0;6]:[0,0;0]:[0,0;0]:[-1,0;6]:[1,0;6]:[0,0;0]:[0,0;0]:[1,0;6]:[0,0;0]:[0,0;0]:[0,0;0]:[0,0;0]:[-1,0;6]:[0,0;0]:[0,0;0]:[-1,0;6]:
[0,0;0]:[3,0;8]:[-3,0;8]:[0,0;0]:[-1,0;9]:[1,0;6]:[-1,1;7]:[-1,0;9]:[0,0;0]:[0,0;0]:[1,0;7]:[-1,0;5]:[-1,0;9]:[-1,0;6]:[-1,-1;7]:[-1,0;9]:[1,0;7]:[-1,0;7]:[0,0;0]:[1,0;7]:[-3,0;9]:[-3,0;8]:[3,2;8]:[1,0;9]:[0,0;0]:[1,0;8]:[1,0;8]:[0,0;0]:[3,0;9]:[-3,0;8]:[3,-2;8]:[-1,0;9]:[0,0;0]:[-1,0;5]:[-1,0;5]:[0,0;0]:[1,1;6]:[-3,3;9]:[3,0;9]:[0,0;0]:[-1,0;8]:[-1,0;6]:[0,0;0]:[-1,0;8]:[1,-1;6]:[3,3;9]:[-3,0;9]:[0,0;0]:[1,0;8]:[0,0;0]:[0,0;0]:[-3,0;8]:[-1,0;8]:[-1,0;9]:[-1,1;9]:[-1,0;8]:[0,0;0]:[3,0;7]:[-3,0;7]:[0,0;0]:[1,0;8]:[-1,0;9]:[-1,-1;9]:[1,0;8]:
[0,0;0]:[1,0;6]:[1,0;6]:[0,0;0]:[0,0;0]:[0,0;0]:[-1,0;5]:[0,0;0]:[0,0;0]:[0,0;0]:[-1,0;5]:[0,0;0]:[0,0;0]:[0,0;0]:[-1,0;5]:[0,0;0]:[0,0;0]:[1,0;5]:[0,0;0]:[0,0;0]:[0,0;0]:[1,0;6]:[1,-2;6]:[0,0;0]:[0,0;0]:[1,0;6]:[-1,0;6]:[0,0;0]:[0,0;0]:[1,0;6]:[1,2;6]:[0,0;0]:[0,0;0]:[0,0;0]:[0,0;0]:[0,0;0]:[0,0;0]:[1,3;7]:[1,0;7]:[0,0;0]:[0,0;0]:[1,0;4]:[0,0;0]:[0,0;0]:[0,0;0]:[-1,3;7]:[-1,0;7]:[0,0;0]:[0,0;0]:[0,0;0]:[0,0;0]:[0,0;0]:[0,0;0]:[1,0;7]:[-1,1;7]:[0,0;0]:[0,0;0]:[1,0;5]:[1,0;5]:[0,0;0]:[0,0;0]:[1,0;7]:[-1,-1;7]:[0,0;0]:
[0,0;0]:[-1,0;8]:[1,0;8]:[0,0;0]:[-1,0;9]:[1,0;7]:[0,0;0]:[1,-2;9]:[0,0;0]:[1,0;7]:[0,0;0]:[-1,0;5]:[-1,0;9]:[1,0;7]:[0,0;0]:[1,2;9]:[1,0;7]:[0,0;0]:[1,0;7]:[-1,0;7]:[3,6;9]:[-1,2;8]:[1,0;8]:[1,0;9]:[0,0;0]:[1,0;8]:[1,0;8]:[-1,0;4]:[-3,6;9]:[-1,-2;8]:[1,0;8]:[-1,0;9]:[0,0;0]:[0,0;0]:[0,0;0]:[-1,0;3]:[-1,0;6]:[-1,0;9]:[1,3;9]:[0,0;0]:[-1,0;8]:[0,0;0]:[1,0;6]:[1,0;8]:[-1,0;6]:[1,0;9]:[-1,3;9]:[0,0;0]:[-1,0;8]:[0,0;0]:[0,0;0]:[-3,0;8]:[-1,0;8]:[1,-1;9]:[1,0;9]:[1,2;8]:[0,0;0]:[-1,0;7]:[1,0;7]:[0,0;0]:[1,0;8]:[1,1;9]:[1,0;9]:[-1,2;8]:
[0,0;0]:[0,0;0]:[0,0;0]:[0,0;0]:[-1,0;7]:[0,0;0]:[0,0;0]:[-1,0;7]:[-1,0;3]:[0,0;0]:[0,0;0]:[0,0;0]:[-1,0;7]:[0,0;0]:[0,0;0]:[-1,0;7]:[1,0;5]:[0,0;0]:[0,0;0]:[1,0;5]:[1,0;7]:[0,0;0]:[0,0;0]:[-3,0;7]:[0,0;0]:[0,0;0]:[0,0;0]:[0,0;0]:[-1,0;7]:[0,0;0]:[0,0;0]:[3,0;7]:[0,0;0]:[0,0;0]:[0,0;0]:[0,0;0]:[0,0;0]:[0,0;0]:[0,0;0]:[1,1;4]:[-1,0;6]:[0,0;0]:[0,0;0]:[-1,0;6]:[0,0;0]:[0,0;0]:[0,0;0]:[1,-1;4]:[-3,0;6]:[0,0;0]:[0,0;0]:[1,0;6]:[-1,0;6]:[0,0;0]:[0,0;0]:[-1,0;6]:[0,0;0]:[0,0;0]:[0,0;0]:[0,0;0]:[1,0;6]:[0,0;0]:[0,0;0]:[1,0;6]:
[0,0;0]:[1,0;7]:[1,0;7]:[0,0;0]:[-1,0;8]:[1,0;5]:[1,0;6]:[1,0;8]:[0,0;0]:[0,0;0]:[-1,0;6]:[0,0;0]:[-1,0;8]:[-1,0;5]:[1,0;6]:[1,0;8]:[1,0;6]:[1,0;6]:[0,0;0]:[1,0;6]:[-1,0;8]:[-1,0;7]:[1,-2;7]:[1,0;8]:[0,0;0]:[1,0;7]:[3,0;7]:[0,0;0]:[1,0;8]:[-1,0;7]:[1,2;7]:[-1,0;8]:[0,0;0]:[0,0;0]:[-1,0;4]:[0,0;0]:[-1,0;4]:[1,-3;8]:[1,0;8]:[0,0;0]:[1,0;7]:[1,0;5]:[0,0;0]:[-1,0;7]:[1,0;4]:[-1,-3;8]:[-1,0;8]:[0,0;0]:[1,0;7]:[0,0;0]:[0,0;0]:[-1,0;7]:[-1,0;7]:[-3,0;8]:[-1,-1;8]:[-1,0;7]:[0,0;0]:[1,0;6]:[-1,0;6]:[0,0;0]:[1,0;7]:[-3,0;8]:[-1,1;8]:[1,0;7]:
[0,0;0]:[-1,0;5]:[-1,0;5]:[0,0;0]:[0,0;0]:[0,0;0]:[-1,0;4]:[0,0;0]:[0,0;0]:[0,0;0]:[-1,0;4]:[0,0;0]:[0,0;0]:[0,0;0]:[-1,0;4]:[0,0;0]:[0,0;0]:[1,0;4]:[0,0;0]:[0,0;0]:[0,0;0]:[-1,0;5]:[-1,0;5]:[0,0;0]:[0,0;0]:[-1,0;5]:[1,0;5]:[0,0;0]:[0,0;0]:[-1,0;5]:[-1,0;5]:[0,0;0]:[0,0;0]:[0,0;0]:[0,0;0]:[0,0;0]:[0,0;0]:[-1,1;6]:[-1,0;6]:[0,0;0]:[0,0;0]:[1,0;3]:[0,0;0]:[0,0;0]:[0,0;0]:[1,1;6]:[1,0;6]:[0,0;0]:[0,0;0]:[0,0;0]:[0,0;0]:[0,0;0]:[0,0;0]:[-1,0;6]:[1,-1;6]:[0,0;0]:[0,0;0]:[-1,0;4]:[-1,0;4]:[0,0;0]:[0,0;0]:[-1,0;6]:[1,1;6]:[0,0;0]:
[0,0;0]:[1,0;7]:[-1,0;7]:[0,0;0]:[1,-1;8]:[1,0;6]:[0,0;0]:[-1,1;8]:[0,0;0]:[1,0;6]:[0,0;0]:[1,0;4]:[1,1;8]:[1,0;6]:[0,0;0]:[-1,-1;8]:[-1,0;6]:[0,0;0]:[1,0;6]:[1,0;6]:[-3,1;8]:[1,0;7]:[-1,0;7]:[-1,-1;8]:[1,0;5]:[-1,0;7]:[-1,0;7]:[-1,0;5]:[3,1;8]:[1,0;7]:[-1,0;7]:[1,-1;8]:[-1,0;6]:[0,0;0]:[0,0;0]:[-3,0;6]:[1,0;5]:[1,0;8]:[-1,1;8]:[0,0;0]:[1,0;7]:[0,0;0]:[1,0;5]:[-1,0;7]:[1,0;5]:[-1,0;8]:[1,1;8]:[0,0;0]:[1,0;7]:[0,0;0]:[0,0;0]:[3,0;7]:[1,1;7]:[-1,1;8]:[-1,0;8]:[-1,1;7]:[-1,0;6]:[1,0;6]:[-1,0;6]:[1,0;6]:[-1,1;7]:[-1,-1;8]:[-1,0;8]:[1,1;7]:
[0,0;0]:[0,0;0]:[0,0;0]:[0,0;0]:[1,0;6]:[0,0;0]:[0,0;0]:[-1,0;6]:[0,0;0]:[0,0;0]:[0,0;0]:[0,0;0]:[1,0;6]:[0,0;0]:[0,0;0]:[-1,0;6]:[1,0;4]:[0,0;0]:[0,0;0]:[1,0;4]:[1,0;6]:[0,0;0]:[0,0;0]:[-1,0;6]:[0,0;0]:[0,0;0]:[0,0;0]:[0,0;0]:[-1,0;6]:[0,0;0]:[0,0;0]:[1,0;6]:[0,0;0]:[0,0;0]:[0,0;0]:[0,0;0]:[0,0;0]:[0,0;0]:[0,0;0]:[-1,0;2]:[-1,0;5]:[0,0;0]:[0,0;0]:[1,0;5]:[0,0;0]:[0,0;0]:[0,0;0]:[1,0;2]:[-1,0;5]:[0,0;0]:[0,0;0]:[1,0;5]:[-1,0;5]:[0,0;0]:[0,0;0]:[-1,0;5]:[0,0;0]:[0,0;0]:[0,0;0]:[0,0;0]:[1,0;5]:[0,0;0]:[0,0;0]:[1,0;5]:
[0,0;0]:[1,0;4]:[0,0;0]:[0,0;0]:[1,0;5]:[-1,0;4]:[0,0;0]:[0,0;0]:[-1,0;3]:[0,0;0]:[0,0;0]:[0,0;0]:[1,0;5]:[1,0;4]:[0,0;0]:[0,0;0]:[0,0;0]:[0,0;0]:[0,0;0]:[0,0;0]:[0,0;0]:[0,0;0]:[0,0;0]:[1,0;5]:[0,0;0]:[0,0;0]:[1,0;4]:[0,0;0]:[0,0;0]:[0,0;0]:[0,0;0]:[-1,0;5]:[0,0;0]:[0,0;0]:[1,0;3]:[0,0;0]:[0,0;0]:[0,0;0]:[1,0;5]:[1,0;4]:[0,0;0]:[0,0;0]:[0,0;0]:[1,0;4]:[0,0;0]:[0,0;0]:[-1,0;5]:[1,0;4]:[1,0;4]:[0,0;0]:[0,0;0]:[0,0;0]:[0,0;0]:[-1,0;5]:[0,0;0]:[0,0;0]:[0,0;0]:[0,0;0]:[0,0;0]:[0,0;0]:[0,0;0]:[-1,0;5]:[0,0;0]:[0,0;0]:
[0,0;0]:[0,0;0]:[0,0;0]:[1,0;2]:[0,0;0]:[0,0;0]:[1,0;5]:[0,0;0]:[0,0;0]:[0,0;0]:[-1,0;5]:[0,0;0]:[0,0;0]:[0,0;0]:[1,0;5]:[0,0;0]:[0,0;0]:[-3,0;5]:[0,0;0]:[0,0;0]:[0,0;0]:[0,0;0]:[0,0;0]:[0,0;0]:[0,0;0]:[0,0;0]:[0,0;0]:[0,0;0]:[0,0;0]:[0,0;0]:[0,0;0]:[0,0;0]:[0,0;0]:[0,0;0]:[0,0;0]:[0,0;0]:[0,0;0]:[1,0;6]:[0,0;0]:[0,0;0]:[0,0;0]:[1,0;4]:[0,0;0]:[0,0;0]:[0,0;0]:[1,0;6]:[0,0;0]:[0,0;0]:[0,0;0]:[1,0;2]:[0,0;0]:[0,0;0]:[0,0;0]:[0,0;0]:[-1,0;6]:[0,0;0]:[0,0;0]:[0,0;0]:[0,0;0]:[0,0;0]:[0,0;0]:[0,0;0]:[1,0;6]:[0,0;0]:
[0,0;0]:[0,0;0]:[0,0;0]:[0,0;0]:[1,0;6]:[0,0;0]:[0,0;0]:[1,0;6]:[0,0;0]:[1,0;3]:[0,0;0]:[0,0;0]:[-1,0;6]:[0,0;0]:[0,0;0]:[-1,0;6]:[0,0;0]:[0,0;0]:[-1,0;3]:[0,0;0]:[1,0;6]:[0,0;0]:[0,0;0]:[1,0;6]:[1,0;4]:[0,0;0]:[0,0;0]:[1,0;4]:[1,0;6]:[0,0;0]:[0,0;0]:[1,0;6]:[1,0;5]:[0,0;0]:[0,0;0]:[-1,0;5]:[0,0;0]:[0,0;0]:[0,0;0]:[0,0;0]:[0,0;0]:[0,0;0]:[0,0;0]:[0,0;0]:[0,0;0]:[0,0;0]:[0,0;0]:[0,0;0]:[0,0;0]:[0,0;0]:[1,0;2]:[0,0;0]:[1,0;5]:[0,0;0]:[0,0;0]:[-1,0;5]:[1,0;5]:[0,0;0]:[0,0;0]:[-1,0;5]:[1,0;5]:[0,0;0]:[0,0;0]:[-1,0;5]:
[0,0;0]:[-1,0;6]:[-1,0;6]:[0,0;0]:[1,0;7]:[0,0;0]:[0,0;0]:[3,0;7]:[0,0;0]:[0,0;0]:[0,0;0]:[-1,0;3]:[1,0;7]:[0,0;0]:[0,0;0]:[3,0;7]:[1,0;5]:[0,0;0]:[0,0;0]:[-1,0;5]:[1,0;7]:[1,0;6]:[1,0;6]:[-1,0;7]:[0,0;0]:[-1,0;6]:[1,0;6]:[0,0;0]:[-1,0;7]:[1,0;6]:[1,0;6]:[1,0;7]:[0,0;0]:[0,0;0]:[0,0;0]:[0,0;0]:[1,0;4]:[-1,0;7]:[-1,0;7]:[0,0;0]:[3,0;6]:[0,0;0]:[0,0;0]:[1,0;6]:[1,0;4]:[1,0;7]:[1,0;7]:[0,0;0]:[-1,0;6]:[0,0;0]:[0,0;0]:[1,0;6]:[1,0;6]:[-1,0;7]:[1,0;7]:[-1,0;6]:[0,0;0]:[1,0;5]:[1,0;5]:[0,0;0]:[-1,0;6]:[-1,0;7]:[1,0;7]:[1,0;6]:
[0,0;0]:[1,0;7]:[-1,0;7]:[0,0;0]:[-1,-1;8]:[-1,0;6]:[0,0;0]:[-1,-1;8]:[0,0;0]:[-1,0;6]:[0,0;0]:[0,0;0]:[-1,1;8]:[-1,0;6]:[0,0;0]:[-1,1;8]:[1,0;6]:[0,0;0]:[-1,0;6]:[-1,0;6]:[1,-1;8]:[1,2;7]:[-1,0;7]:[1,-1;8]:[1,0;5]:[-1,0;7]:[-1,0;7]:[1,0;5]:[-1,-1;8]:[1,-2;7]:[-1,0;7]:[-1,-1;8]:[-1,0;6]:[0,0;0]:[0,0;0]:[-1,0;6]:[0,0;0]:[1,0;8]:[-1,1;8]:[0,0;0]:[1,0;7]:[0,0;0]:[-1,0;5]:[1,0;7]:[0,0;0]:[-1,0;8]:[1,1;8]:[0,0;0]:[-1,0;7]:[0,0;0]:[0,0;0]:[-1,0;7]:[-1,1;7]:[-1,-3;8]:[-1,0;8]:[1,-1;7]:[-3,0;6]:[1,0;6]:[-1,0;6]:[1,0;6]:[1,1;7]:[-1,3;8]:[-1,0;8]:[-1,-1;7]:
[0,0;0]:[1,0;3]:[1,0;7]:[0,0;0]:[1,-1;9]:[-1,-1;6]:[-1,0;7]:[-1,0;9]:[0,0;0]:[1,0;6]:[0,0;0]:[-1,0;6]:[-1,-1;9]:[-1,1;6]:[1,0;7]:[1,0;9]:[-1,0;6]:[0,0;0]:[1,0;6]:[-1,0;6]:[-1,-2;9]:[1,0;6]:[0,0;0]:[1,1;9]:[1,0;7]:[3,0;7]:[0,0;0]:[-1,0;7]:[-1,2;9]:[-1,0;6]:[0,0;0]:[1,-1;9]:[-1,0;8]:[-1,0;6]:[-1,0;4]:[-1,0;8]:[-1,0;7]:[-1,0;8]:[-1,-1;5]:[0,0;0]:[0,0;0]:[0,0;0]:[1,0;5]:[1,0;7]:[-1,0;7]:[1,0;8]:[-1,1;5]:[0,0;0]:[-1,0;7]:[0,0;0]:[0,0;0]:[1,0;5]:[-1,-1;8]:[0,0;0]:[3,0;8]:[-1,-1;8]:[1,0;8]:[0,0;0]:[0,0;0]:[1,0;8]:[-1,1;8]:[0,0;0]:[3,0;8]:[-1,1;8]:
[0,0;0]:[-1,0;7]:[3,0;7]:[0,0;0]:[1,0;8]:[0,0;0]:[-1,-1;6]:[-3,0;8]:[0,0;0]:[0,0;0]:[1,0;6]:[-1,0;4]:[1,0;8]:[0,0;0]:[-1,1;6]:[-3,0;8]:[-1,0;6]:[-1,0;6]:[0,0;0]:[-1,0;6]:[-1,0;8]:[-1,0;7]:[1,0;7]:[-1,0;8]:[0,0;0]:[-1,0;7]:[1,0;7]:[0,0;0]:[1,0;8]:[-1,0;7]:[1,0;7]:[1,0;8]:[0,0;0]:[1,0;4]:[0,0;0]:[0,0;0]:[1,-1;5]:[3,1;8]:[-1,0;8]:[0,0;0]:[-3,0;7]:[-1,0;5]:[0,0;0]:[1,0;7]:[1,1;5]:[-3,1;8]:[1,0;8]:[0,0;0]:[-1,0;7]:[0,0;0]:[0,0;0]:[-1,0;7]:[1,0;7]:[-1,0;8]:[1,-1;8]:[1,0;7]:[0,0;0]:[1,0;6]:[-1,0;6]:[0,0;0]:[-1,0;7]:[-1,0;8]:[1,1;8]:[-1,0;7]:
[0,0;0]:[1,0;7]:[0,0;0]:[0,0;0]:[3,0;9]:[1,-1;7]:[0,0;0]:[-3,-1;9]:[-1,0;6]:[1,0;4]:[0,0;0]:[0,0;0]:[-3,0;9]:[-1,-1;7]:[0,0;0]:[3,-1;9]:[-1,0;6]:[0,0;0]:[0,0;0]:[1,0;6]:[-3,1;9]:[0,0;0]:[0,0;0]:[-5,2;9]:[1,0;7]:[0,0;0]:[1,0;7]:[3,0;7]:[-3,-1;9]:[0,0;0]:[0,0;0]:[-5,-2;9]:[-3,0;8]:[0,0;0]:[1,0;6]:[-3,0;8]:[0,0;0]:[0,0;0]:[-1,1;8]:[-1,0;7]:[1,0;7]:[0,0;0]:[-1,0;5]:[0,0;0]:[0,0;0]:[0,0;0]:[1,1;8]:[-1,0;7]:[-1,0;5]:[0,0;0]:[-1,0;5]:[-1,0;7]:[-1,1;8]:[1,1;8]:[0,0;0]:[3,-1;8]:[3,0;8]:[0,0;0]:[0,0;0]:[-5,0;8]:[-1,-1;8]:[1,-1;8]:[0,0;0]:[3,1;8]:
[0,0;0]:[-1,0;7]:[1,0;7]:[0,0;0]:[1,-1;8]:[1,0;6]:[0,0;0]:[1,-1;8]:[0,0;0]:[1,0;6]:[0,0;0]:[0,0;0]:[1,1;8]:[1,0;6]:[0,0;0]:[1,1;8]:[-1,0;6]:[0,0;0]:[1,0;6]:[1,0;6]:[-1,-1;8]:[-1,2;7]:[1,0;7]:[-1,-1;8]:[1,0;5]:[1,0;7]:[1,0;7]:[1,0;5]:[1,-1;8]:[-1,-2;7]:[1,0;7]:[1,-1;8]:[-1,0;6]:[0,0;0]:[0,0;0]:[3,0;6]:[0,0;0]:[-1,0;8]:[1,3;8]:[0,0;0]:[-1,0;7]:[0,0;0]:[1,0;5]:[-1,0;7]:[0,0;0]:[1,0;8]:[-1,3;8]:[0,0;0]:[1,0;7]:[0,0;0]:[0,0;0]:[1,0;7]:[1,1;7]:[1,-1;8]:[1,0;8]:[-1,-1;7]:[1,0;6]:[-1,0;6]:[1,0;6]:[1,0;6]:[-1,1;7]:[1,1;8]:[1,0;8]:[1,-1;7]:
[0,0;0]:[1,0;5]:[1,0;7]:[0,0;0]:[-1,-1;9]:[1,-1;6]:[1,0;7]:[1,2;9]:[0,0;0]:[-1,0;6]:[0,0;0]:[1,0;6]:[1,-1;9]:[1,1;6]:[-1,0;7]:[-1,2;9]:[-1,0;6]:[0,0;0]:[-1,0;6]:[-1,0;6]:[1,0;9]:[-1,-1;6]:[-1,0;5]:[-1,1;9]:[-1,0;7]:[-1,0;7]:[1,0;5]:[1,0;7]:[1,0;9]:[1,-1;6]:[-1,0;5]:[-1,-1;9]:[1,0;8]:[1,0;6]:[-1,0;4]:[1,0;8]:[1,0;7]:[-1,0;8]:[-1,1;6]:[0,0;0]:[-1,0;5]:[0,0;0]:[-1,0;5]:[1,0;7]:[1,0;7]:[1,0;8]:[1,1;6]:[0,0;0]:[-1,0;7]:[0,0;0]:[0,0;0]:[0,0;0]:[1,-1;8]:[1,0;6]:[-1,0;8]:[1,-1;8]:[-1,0;8]:[1,0;4]:[1,0;4]:[-1,0;8]:[1,1;8]:[1,0;6]:[-1,0;8]:[1,1;8]:
[0,0;0]:[1,0;7]:[1,0;7]:[0,0;0]:[-1,0;8]:[0,0;0]:[1,-1;6]:[-1,0;8]:[0,0;0]:[0,0;0]:[-1,0;6]:[-1,0;4]:[-1,0;8]:[0,0;0]:[1,1;6]:[-1,0;8]:[1,0;6]:[1,0;6]:[0,0;0]:[1,0;6]:[-3,0;8]:[1,0;7]:[-1,0;7]:[1,0;8]:[0,0;0]:[-3,0;7]:[-1,0;7]:[0,0;0]:[3,0;8]:[1,0;7]:[-1,0;7]:[-1,0;8]:[0,0;0]:[1,0;4]:[0,0;0]:[0,0;0]:[1,1;5]:[1,-1;8]:[1,0;8]:[0,0;0]:[-1,0;7]:[1,0;5]:[0,0;0]:[-1,0;7]:[1,-1;5]:[-1,-1;8]:[-1,0;8]:[0,0;0]:[1,0;7]:[0,0;0]:[0,0;0]:[-3,0;7]:[-1,0;7]:[1,0;8]:[3,1;8]:[-1,0;7]:[0,0;0]:[-1,0;6]:[1,0;6]:[0,0;0]:[1,0;7]:[1,0;8]:[3,-1;8]:[1,0;7]:
[0,0;0]:[-1,0;7]:[0,0;0]:[0,0;0]:[1,0;9]:[-1,-1;7]:[0,0;0]:[-1,1;9]:[1,0;6]:[0,0;0]:[0,0;0]:[0,0;0]:[-1,0;9]:[1,-1;7]:[0,0;0]:[1,1;9]:[1,0;6]:[0,0;0]:[1,0;4]:[-1,0;6]:[-1,-1;9]:[0,0;0]:[0,0;0]:[-7,-2;9]:[3,0;7]:[0,0;0]:[-1,0;7]:[1,0;7]:[-1,1;9]:[0,0;0]:[0,0;0]:[-7,2;9]:[7,0;8]:[0,0;0]:[-1,0;6]:[-1,0;8]:[0,0;0]:[0,0;0]:[1,1;8]:[1,0;7]:[-1,0;7]:[0,0;0]:[-1,0;5]:[0,0;0]:[0,0;0]:[0,0;0]:[-1,1;8]:[1,0;7]:[1,0;5]:[0,0;0]:[1,0;5]:[1,0;7]:[-3,-1;8]:[-1,1;8]:[0,0;0]:[1,1;8]:[1,0;8]:[0,0;0]:[0,0;0]:[1,0;8]:[-3,1;8]:[-1,-1;8]:[0,0;0]:[1,-1;8]:
[0,0;0]:[1,0;6]:[-1,0;6]:[0,0;0]:[-1,0;7]:[1,0;5]:[0,0;0]:[-1,0;7]:[0,0;0]:[1,0;5]:[0,0;0]:[0,0;0]:[-1,0;7]:[1,0;5]:[0,0;0]:[-1,0;7]:[1,0;5]:[0,0;0]:[1,0;5]:[-1,0;5]:[1,0;7]:[1,0;6]:[-1,0;6]:[1,0;7]:[0,0;0]:[-1,0;6]:[-1,0;6]:[0,0;0]:[-1,0;7]:[1,0;6]:[-1,0;6]:[-1,0;7]:[0,0;0]:[0,0;0]:[0,0;0]:[1,0;3]:[0,0;0]:[1,0;7]:[-1,1;7]:[0,0;0]:[1,0;6]:[0,0;0]:[1,0;4]:[1,0;6]:[0,0;0]:[-1,0;7]:[1,1;7]:[0,0;0]:[-1,0;6]:[0,0;0]:[0,0;0]:[-1,0;6]:[-1,0;6]:[-1,1;7]:[-1,0;7]:[1,0;6]:[1,0;3]:[1,0;5]:[-1,0;5]:[0,0;0]:[1,0;6]:[-1,-1;7]:[-1,0;7]:[-1,0;6]:
[0,0;0]:[-1,0;6]:[0,0;0]:[0,0;0]:[1,0;8]:[-1,0;5]:[1,0;6]:[-1,1;8]:[0,0;0]:[1,0;5]:[0,0;0]:[1,0;5]:[-1,0;8]:[-1,0;5]:[-1,0;6]:[1,1;8]:[0,0;0]:[0,0;0]:[1,0;5]:[0,0;0]:[-1,1;8]:[-1,1;6]:[-1,0;6]:[1,0;8]:[1,0;6]:[-1,0;4]:[1,0;6]:[-1,0;6]:[-1,-1;8]:[-1,-1;6]:[-1,0;6]:[1,0;8]:[-1,0;7]:[1,0;5]:[0,0;0]:[-1,0;7]:[1,0;6]:[0,0;0]:[1,-2;7]:[0,0;0]:[-1,0;6]:[0,0;0]:[1,0;4]:[0,0;0]:[1,0;6]:[0,0;0]:[-1,-2;7]:[0,0;0]:[0,0;0]:[0,0;0]:[0,0;0]:[-1,0;6]:[-1,0;7]:[1,0;7]:[-1,0;5]:[-1,0;7]:[1,0;7]:[1,0;5]:[1,0;5]:[1,0;7]:[-1,0;7]:[1,0;7]:[-1,0;5]:[-1,0;7]:
[0,0;0]:[1,0;6]:[-1,0;6]:[0,0;0]:[-1,0;7]:[0,0;0]:[-1,0;5]:[1,0;7]:[0,0;0]:[0,0;0]:[1,0;5]:[0,0;0]:[-1,0;7]:[0,0;0]:[-1,0;5]:[1,0;7]:[1,0;5]:[-1,0;5]:[0,0;0]:[1,0;5]:[-1,0;7]:[1,0;6]:[-1,0;6]:[1,0;7]:[0,0;0]:[-1,0;6]:[-1,0;6]:[0,0;0]:[1,0;7]:[1,0;6]:[-1,0;6]:[-1,0;7]:[0,0;0]:[0,0;0]:[0,0;0]:[0,0;0]:[-1,0;3]:[-1,1;7]:[1,0;7]:[0,0;0]:[1,0;6]:[-1,0;4]:[0,0;0]:[-1,0;6]:[1,0;3]:[1,1;7]:[-1,0;7]:[0,0;0]:[1,0;6]:[0,0;0]:[0,0;0]:[-1,0;6]:[-1,0;6]:[1,0;7]:[1,-1;7]:[-1,0;6]:[0,0;0]:[-1,0;5]:[1,0;5]:[0,0;0]:[1,0;6]:[1,0;7]:[1,1;7]:[1,0;6]:
[0,0;0]:[1,0;6]:[0,0;0]:[0,0;0]:[-1,0;8]:[1,0;6]:[0,0;0]:[1,-1;8]:[-1,0;5]:[-1,0;5]:[0,0;0]:[0,0;0]:[1,0;8]:[-1,0;6]:[0,0;0]:[-1,-1;8]:[-1,0;5]:[0,0;0]:[1,0;5]:[1,0;5]:[1,1;8]:[0,0;0]:[0,0;0]:[-1,2;8]:[1,0;6]:[0,0;0]:[1,0;6]:[-1,0;6]:[1,-1;8]:[0,0;0]:[0,0;0]:[-1,-2;8]:[5,0;7]:[0,0;0]:[1,0;5]:[1,0;7]:[0,0;0]:[0,0;0]:[-1,0;7]:[-1,0;6]:[1,0;6]:[0,0;0]:[0,0;0]:[0,0;0]:[0,0;0]:[0,0;0]:[1,0;7]:[-1,0;6]:[-1,0;4]:[0,0;0]:[1,0;4]:[-1,0;6]:[-1,1;7]:[1,0;7]:[0,0;0]:[-1,-1;7]:[-1,0;7]:[0,0;0]:[0,0;0]:[3,0;7]:[-1,-1;7]:[1,0;7]:[0,0;0]:[-1,1;7]:
