[1,0;0]:[0,0;0]:[0,0;0]:[0,0;0]:[0,0;0]:[0,0;0]:[0,0;0]:[0,0;0]:[0,0;0]:[0,0;0]:[0,0;0]:[0,0;0]:[0,0;0]:[0,0;0]:[0,0;0]:[0,0;0]:[0,0;0]:[0,0;0]:[0,0;0]:[0,0;0]:[0,0;0]:[0,0;0]:[0,0;0]:[0,0;0]:[0,0;0]:[0,0;0]:[0,0;0]:[0,0;0]:[0,0;0]:[0,0;0]:[0,0;0]:[0,0;0]:[0,0;0]:[0,0;0]:[0,0;0]:[0,0;0]:[0,0;0]:[0,0;0]:[0,0;0]:[0,0;0]:[0,0;0]:[0,0;0]:[0,0;0]:[0,0;0]:[0,0;0]:[0,0;0]:[0,0;0]:[0,0;0]:[0,0;0]:[0,0;0]:[0,0;0]:[0,0;0]:[0,0;0]:[0,0;0]:[0,0;0]:[0,0;0]:[0,0;0]:[0,0;0]:[0,0;0]:[0,0;0]:[0,0;0]:[0,0;0]:[0,0;0]:[0,0;0]:
[0,0;0]:[1,0;6]:[0,0;0]:[-1,0;8]:[1,0;6]:[-1,0;6]:[-1,0;7]:[1,0;6]:[-1,0;6]:[-1,1;8]:[-3,-1;9]:[1,0;5]:[-1,0;5]:[0,0;0]:[1,0;6]:[-1,-1;9]:[5,1;9]:[-1,0;6]:[-1,0;5]:[-1,0;5]:[0,0;0]:[-3,-1;9]:[1,1;8]:[0,0;0]:[1,0;5]:[1,0;7]:[1,0;6]:[1,0;7]:[-3,0;8]:[0,0;0]:[-1,0;7]:[0,0;0]:[-1,0;7]:[-1,0;7]:[1,0;8]:[1,0;5]:[0,0;0]:[-1,0;7]:[0,0;0]:[1,0;7]:[-1,0;5]:[-1,0;4]:[-1,0;5]:[-5,1;9]:[0,0;0]:[-1,1;8]:[-3,1;9]:[1,0;6]:[-1,0;6]:[3,-1;9]:[-1,-1;8]:[-1,0;5]:[1,-1;9]:[-1,0;5]:[1,0;6]:[-1,0;5]:[1,0;7]:[0,0;0]:[-1,0;6]:[0,0;0]:[1,0;6]:[-1,0;8]:[-1,0;7]:[-1,0;6]:
[0,0;0]:[1,0;5]:[1,0;6]:[1,0;7]:[0,0;0]:[1,0;5]:[-1,0;6]:[1,0;7]:[0,0;0]:[-1,1;7]:[-1,1;8]:[1,0;4]:[0,0;0]:[0,0;0]:[0,0;0]:[1,-1;8]:[-1,-1;8]:[1,0;5]:[-1,0;4]:[0,0;0]:[1,0;6]:[-1,-1;8]:[-1,-1;7]:[0,0;0]:[-1,0;6]:[-1,0;6]:[1,0;5]:[0,0;0]:[-1,0;7]:[1,0;7]:[1,0;6]:[0,0;0]:[0,0;0]:[-1,0;6]:[-1,0;7]:[-1,0;6]:[0,0;0]:[1,0;6]:[-1,0;7]:[1,0;6]:[0,0;0]:[1,0;3]:[-1,0;4]:[1,-1;8]:[0,0;0]:[1,-1;7]:[-1,1;8]:[0,0;0]:[1,0;5]:[1,1;8]:[-1,-1;7]:[0,0;0]:[-1,-1;8]:[-1,0;6]:[-1,0;5]:[0,0;0]:[-1,0;6]:[1,0;6]:[-1,0;5]:[0,0;0]:[1,0;7]:[1,0;7]:[1,0;6]:[0,0;0]:
[0,0;0]:[-1,0;5]:[-1,0;6]:[7,0;8]:[0,0;0]:[-1,0;6]:[1,0;7]:[-1,1;8]:[0,0;0]:[-1,1;8]:[1,1;9]:[0,0;0]:[0,0;0]:[1,0;5]:[-1,0;6]:[1,1;9]:[1,-1;9]:[0,0;0]:[0,0;0]:[0,0;0]:[-1,0;7]:[-1,1;9]:[1,1;8]:[0,0;0]:[-1,0;6]:[-1,0;7]:[1,0;6]:[0,0;0]:[-1,0;8]:[-1,-1;8]:[1,-1;7]:[0,0;0]:[0,0;0]:[-1,0;7]:[9,0;8]:[1,0;6]:[0,0;0]:[1,1;7]:[1,-1;8]:[-1,0;7]:[0,0;0]:[0,0;0]:[0,0;0]:[-1,-1;9]:[0,0;0]:[-1,1;8]:[-1,-1;9]:[1,0;6]:[0,0;0]:[-1,1;9]:[-1,-1;8]:[0,0;0]:[-1,1;9]:[1,0;7]:[-1,0;6]:[0,0;0]:[-1,0;7]:[1,0;6]:[-1,0;5]:[0,0;0]:[-1,-1;8]:[1,0;8]:[-1,0;7]:[0,0;0]:
[0,0;0]:[0,0;0]:[1,0;5]:[0,0;0]:[1,0;4]:[0,0;0]:[0,0;0]:[1,-1;7]:[1,0;5]:[0,0;0]:[0,0;0]:[0,0;0]:[0,0;0]:[0,0;0]:[1,0;5]:[-1,0;6]:[0,0;0]:[0,0;0]:[0,0;0]:[1,0;4]:[1,0;6]:[-1,0;6]:[0,0;0]:[0,0;0]:[-1,0;5]:[0,0;0]:[0,0;0]:[1,1;6]:[1,0;5]:[-1,-1;7]:[0,0;0]:[0,0;0]:[-1,1;6]:[0,0;0]:[0,0;0]:[1,0;5]:[0,0;0]:[0,0;0]:[1,-1;7]:[0,0;0]:[1,0;4]:[0,0;0]:[0,0;0]:[0,0;0]:[0,0;0]:[0,0;0]:[-1,0;6]:[1,0;5]:[0,0;0]:[0,0;0]:[0,0;0]:[-1,0;4]:[1,0;6]:[1,0;6]:[0,0;0]:[0,0;0]:[0,0;0]:[-1,0;5]:[0,0;0]:[1,0;3]:[1,1;7]:[1,0;5]:[0,0;0]:[1,0;4]:
[0,0;0]:[-1,0;6]:[-1,-1;8]:[3,0;8]:[1,0;7]:[0,0;0]:[0,0;0]:[-1,-1;8]:[-1,0;4]:[1,0;8]:[1,0;9]:[1,0;7]:[1,0;6]:[-1,0;5]:[-1,0;4]:[-1,-2;9]:[1,0;9]:[0,0;0]:[0,0;0]:[0,0;0]:[3,0;7]:[1,2;9]:[1,0;8]:[1,0;6]:[1,1;8]:[-1,0;5]:[0,0;0]:[-1,0;6]:[-3,0;8]:[-1,-1;8]:[-1,0;7]:[-1,0;5]:[-1,0;6]:[1,0;7]:[-3,0;8]:[-1,1;8]:[0,0;0]:[-1,0;7]:[1,-1;8]:[1,0;3]:[0,0;0]:[0,0;0]:[1,0;7]:[-1,0;9]:[0,0;0]:[-1,0;8]:[1,-2;9]:[0,0;0]:[0,0;0]:[-1,0;9]:[1,0;8]:[-1,0;5]:[1,-2;9]:[1,0;7]:[-1,0;6]:[-1,0;6]:[-1,0;5]:[1,-1;8]:[1,0;6]:[0,0;0]:[-1,1;8]:[3,0;8]:[-1,0;7]:[1,0;7]:
[0,0;0]:[1,0;5]:[-1,0;6]:[-1,0;7]:[0,0;0]:[1,0;3]:[0,0;0]:[1,0;7]:[0,0;0]:[-1,0;7]:[1,0;8]:[0,0;0]:[0,0;0]:[1,0;4]:[-1,0;5]:[1,0;8]:[1,0;8]:[0,0;0]:[0,0;0]:[0,0;0]:[-1,0;6]:[-1,0;8]:[1,0;7]:[0,0;0]:[1,0;6]:[0,0;0]:[-1,0;3]:[0,0;0]:[-1,0;7]:[1,0;7]:[-1,0;6]:[0,0;0]:[0,0;0]:[3,0;6]:[1,0;7]:[1,0;6]:[0,0;0]:[-1,0;6]:[-1,0;7]:[0,0;0]:[0,0;0]:[0,0;0]:[0,0;0]:[-1,0;8]:[0,0;0]:[-1,0;7]:[-1,0;8]:[1,0;5]:[0,0;0]:[-1,0;8]:[-1,0;7]:[0,0;0]:[-1,0;8]:[1,0;6]:[-1,0;5]:[0,0;0]:[0,0;0]:[-1,0;6]:[-1,0;5]:[0,0;0]:[1,0;7]:[1,0;7]:[3,0;6]:[0,0;0]:
[0,0;0]:[0,0;0]:[-1,1;8]:[-1,0;6]:[1,-1;7]:[0,0;0]:[0,0;0]:[0,0;0]:[0,0;0]:[-1,0;6]:[-1,1;7]:[1,0;7]:[-1,0;6]:[0,0;0]:[0,0;0]:[1,0;7]:[-1,1;7]:[1,0;6]:[0,0;0]:[0,0;0]:[1,0;5]:[-1,0;7]:[-1,0;6]:[1,0;6]:[1,1;8]:[-1,0;5]:[0,0;0]:[-1,0;5]:[1,0;6]:[-1,0;4]:[-1,0;5]:[1,0;5]:[1,0;5]:[1,0;5]:[1,0;6]:[-1,1;8]:[0,0;0]:[-1,0;5]:[1,0;4]:[0,0;0]:[0,0;0]:[0,0;0]:[1,0;7]:[1,1;7]:[1,0;5]:[1,0;6]:[-1,0;7]:[0,0;0]:[-1,0;6]:[1,1;7]:[-1,0;6]:[0,0;0]:[-1,0;7]:[-1,0;5]:[-1,0;4]:[1,0;6]:[1,0;5]:[1,1;8]:[0,0;0]:[0,0;0]:[0,0;0]:[-1,0;6]:[-1,0;5]:[1,1;7]:
[0,0;0]:[0,0;0]:[0,0;0]:[0,0;0]:[0,0;0]:[0,0;0]:[0,0;0]:[-1,0;5]:[1,0;3]:[0,0;0]:[0,0;0]:[0,0;0]:[0,0;0]:[0,0;0]:[0,0;0]:[-1,0;4]:[0,0;0]:[0,0;0]:[0,0;0]:[0,0;0]:[1,0;4]:[-1,0;4]:[0,0;0]:[0,0;0]:[0,0;0]:[0,0;0]:[0,0;0]:[-1,0;4]:[-1,0;3]:[1,0;5]:[0,0;0]:[0,0;0]:[1,0;4]:[0,0;0]:[0,0;0]:[0,0;0]:[0,0;0]:[0,0;0]:[-1,0;5]:[0,0;0]:[0,0;0]:[0,0;0]:[0,0;0]:[0,0;0]:[0,0;0]:[0,0;0]:[-1,0;4]:[0,0;0]:[0,0;0]:[0,0;0]:[0,0;0]:[0,0;0]:[1,0;4]:[1,0;4]:[0,0;0]:[0,0;0]:[0,0;0]:[0,0;0]:[0,0;0]:[0,0;0]:[-1,0;5]:[-1,0;3]:[0,0;0]:[0,0;0]:
[0,0;0]:[-1,0;5]:[1,0;8]:[1,0;8]:[1,0;7]:[-1,0;6]:[-1,0;7]:[-1,0;8]:[0,0;0]:[-1,1;8]:[-1,1;9]:[-1,0;7]:[-1,0;6]:[1,0;5]:[1,0;6]:[1,3;9]:[-1,3;9]:[-1,0;6]:[0,0;0]:[1,0;4]:[-1,0;7]:[-1,-1;9]:[-1,-1;8]:[-1,0;6]:[3,0;8]:[-1,0;7]:[-1,0;6]:[-1,0;6]:[-1,0;8]:[-1,-2;8]:[-1,1;7]:[-1,0;5]:[-1,0;6]:[-1,0;7]:[-1,0;8]:[-3,0;8]:[0,0;0]:[-1,-1;7]:[1,-2;8]:[1,0;7]:[-1,0;4]:[0,0;0]:[-1,0;7]:[1,3;9]:[-1,0;5]:[1,-1;8]:[-1,1;9]:[-1,0;6]:[1,0;6]:[1,1;9]:[-1,-1;8]:[0,0;0]:[-1,3;9]:[1,0;7]:[1,0;6]:[1,0;6]:[-1,0;7]:[-1,0;8]:[-1,0;5]:[0,0;0]:[-1,0;8]:[1,0;8]:[1,0;7]:[1,0;7]:
[0,0;0]:[-1,0;4]:[-1,0;5]:[1,0;7]:[0,0;0]:[1,0;5]:[-1,0;6]:[1,1;7]:[0,0;0]:[1,1;7]:[-1,1;8]:[0,0;0]:[0,0;0]:[-1,0;4]:[1,0;5]:[-1,1;8]:[-1,-1;8]:[0,0;0]:[0,0;0]:[0,0;0]:[1,0;6]:[1,1;8]:[-1,1;7]:[0,0;0]:[-1,0;5]:[1,0;6]:[-1,0;5]:[0,0;0]:[1,0;7]:[1,-1;7]:[-1,-1;6]:[0,0;0]:[0,0;0]:[1,0;6]:[-1,0;7]:[1,0;5]:[0,0;0]:[-1,1;6]:[-1,-1;7]:[1,0;6]:[0,0;0]:[0,0;0]:[0,0;0]:[1,-1;8]:[0,0;0]:[1,1;7]:[1,-1;8]:[-1,0;5]:[0,0;0]:[1,1;8]:[1,-1;7]:[0,0;0]:[1,1;8]:[-1,0;6]:[1,0;5]:[0,0;0]:[1,0;6]:[1,0;5]:[-1,0;4]:[0,0;0]:[1,-1;7]:[-1,0;7]:[1,0;6]:[0,0;0]:
[0,0;0]:[1,0;6]:[1,1;7]:[1,0;8]:[-1,0;5]:[1,0;6]:[-1,0;7]:[1,0;8]:[0,0;0]:[-1,-1;8]:[-1,-1;9]:[0,0;0]:[-1,0;4]:[0,0;0]:[0,0;0]:[1,1;9]:[-1,1;9]:[-1,0;6]:[1,0;5]:[0,0;0]:[1,0;7]:[-1,1;9]:[-1,1;8]:[1,0;4]:[-1,-1;7]:[-1,0;7]:[1,0;6]:[0,0;0]:[-1,0;8]:[1,0;8]:[1,0;7]:[-1,0;3]:[0,0;0]:[-1,0;7]:[-1,0;8]:[-1,1;7]:[0,0;0]:[1,0;7]:[-1,0;8]:[1,0;7]:[0,0;0]:[-1,0;4]:[1,0;3]:[1,1;9]:[0,0;0]:[1,1;8]:[-1,-1;9]:[0,0;0]:[-1,0;6]:[1,-1;9]:[-1,1;8]:[0,0;0]:[-1,1;9]:[-1,0;7]:[-1,0;6]:[1,0;4]:[-1,0;7]:[1,-1;7]:[-1,0;6]:[0,0;0]:[1,0;8]:[1,0;8]:[1,0;7]:[-1,0;5]:
[0,0;0]:[0,0;0]:[-1,0;7]:[0,0;0]:[1,0;6]:[0,0;0]:[-1,0;4]:[-1,0;6]:[1,0;3]:[0,0;0]:[0,0;0]:[1,0;6]:[1,0;5]:[0,0;0]:[1,0;5]:[-1,0;5]:[0,0;0]:[0,0;0]:[0,0;0]:[0,0;0]:[-1,0;4]:[1,0;5]:[0,0;0]:[1,0;5]:[1,0;7]:[0,0;0]:[0,0;0]:[-1,0;5]:[0,0;0]:[-1,0;6]:[0,0;0]:[-1,0;4]:[-1,0;5]:[0,0;0]:[0,0;0]:[-1,0;7]:[0,0;0]:[0,0;0]:[-1,0;6]:[-1,0;4]:[0,0;0]:[0,0;0]:[1,0;6]:[0,0;0]:[0,0;0]:[0,0;0]:[-1,0;5]:[1,0;5]:[0,0;0]:[0,0;0]:[0,0;0]:[1,0;4]:[-1,0;5]:[-1,0;4]:[0,0;0]:[-1,0;5]:[0,0;0]:[1,0;7]:[0,0;0]:[0,0;0]:[1,0;6]:[0,0;0]:[0,0;0]:[1,0;6]:
[0,0;0]:[1,0;6]:[-1,-1;7]:[1,0;8]:[-1,0;5]:[1,0;4]:[0,0;0]:[1,0;7]:[1,0;6]:[1,0;8]:[-1,0;9]:[0,0;0]:[0,0;0]:[1,0;5]:[0,0;0]:[-3,0;9]:[-1,0;9]:[0,0;0]:[0,0;0]:[1,0;5]:[1,0;5]:[-1,0;9]:[-1,0;8]:[0,0;0]:[1,1;7]:[0,0;0]:[-1,0;4]:[1,-1;7]:[3,0;8]:[1,-1;7]:[1,0;7]:[0,0;0]:[-1,-1;7]:[-3,0;7]:[-1,0;8]:[1,-1;7]:[0,0;0]:[1,0;7]:[1,1;7]:[0,0;0]:[1,0;5]:[0,0;0]:[0,0;0]:[1,0;9]:[0,0;0]:[1,0;8]:[-1,0;9]:[1,0;4]:[0,0;0]:[1,0;9]:[1,0;8]:[-1,0;5]:[3,0;9]:[0,0;0]:[1,0;6]:[0,0;0]:[0,0;0]:[-1,1;7]:[-1,0;6]:[-1,0;4]:[-1,0;7]:[1,0;8]:[-3,0;7]:[-1,0;5]:
[0,0;0]:[1,0;5]:[1,0;6]:[3,0;7]:[0,0;0]:[0,0;0]:[1,0;4]:[-1,0;7]:[0,0;0]:[1,0;7]:[1,0;8]:[0,0;0]:[0,0;0]:[1,0;4]:[1,0;5]:[-1,0;8]:[1,0;8]:[0,0;0]:[0,0;0]:[0,0;0]:[1,0;6]:[1,0;8]:[1,0;7]:[0,0;0]:[-1,0;6]:[1,0;4]:[0,0;0]:[0,0;0]:[-3,0;7]:[-1,0;7]:[-1,0;6]:[0,0;0]:[0,0;0]:[1,0;6]:[-3,0;7]:[-1,0;6]:[0,0;0]:[-1,0;6]:[1,0;7]:[-1,0;4]:[0,0;0]:[0,0;0]:[0,0;0]:[-1,0;8]:[0,0;0]:[-1,0;7]:[1,0;8]:[-1,0;5]:[0,0;0]:[-1,0;8]:[1,0;7]:[0,0;0]:[1,0;8]:[-1,0;6]:[-1,0;5]:[0,0;0]:[1,0;4]:[1,0;6]:[-1,0;5]:[0,0;0]:[-1,0;7]:[3,0;7]:[-1,0;6]:[0,0;0]:
[0,0;0]:[0,0;0]:[-1,0;7]:[0,0;0]:[-1,0;6]:[0,0;0]:[0,0;0]:[1,0;8]:[1,0;6]:[-1,0;4]:[-1,0;5]:[1,0;5]:[-1,0;5]:[0,0;0]:[0,0;0]:[-1,0;7]:[-1,0;5]:[-1,0;6]:[0,0;0]:[0,0;0]:[1,0;7]:[3,0;7]:[1,0;4]:[-1,0;4]:[-1,0;7]:[0,0;0]:[0,0;0]:[1,0;7]:[-1,0;6]:[-1,0;8]:[0,0;0]:[0,0;0]:[-1,0;7]:[0,0;0]:[0,0;0]:[-1,0;7]:[-1,0;4]:[0,0;0]:[1,0;8]:[0,0;0]:[0,0;0]:[0,0;0]:[1,0;5]:[1,0;5]:[1,0;5]:[-1,0;4]:[3,0;7]:[0,0;0]:[1,0;6]:[1,0;5]:[-1,0;4]:[0,0;0]:[1,0;7]:[1,0;7]:[0,0;0]:[-1,0;5]:[0,0;0]:[-1,0;7]:[0,0;0]:[0,0;0]:[1,0;8]:[-1,0;6]:[0,0;0]:[1,0;6]:
[0,0;0]:[1,0;5]:[-3,0;8]:[1,0;7]:[-1,0;7]:[-1,0;5]:[-1,0;6]:[-3,2;9]:[1,0;7]:[1,0;7]:[-3,0;8]:[0,0;0]:[1,0;6]:[0,0;0]:[1,0;7]:[0,0;0]:[1,0;8]:[0,0;0]:[0,0;0]:[-1,0;6]:[-1,0;8]:[1,0;6]:[-1,0;7]:[0,0;0]:[1,0;8]:[1,0;6]:[1,0;5]:[-1,-2;8]:[1,0;5]:[-1,2;9]:[1,0;6]:[0,0;0]:[1,-2;8]:[1,0;6]:[-1,0;7]:[1,0;8]:[0,0;0]:[1,0;6]:[1,2;9]:[1,0;6]:[-1,0;6]:[0,0;0]:[0,0;0]:[-1,0;8]:[0,0;0]:[1,0;7]:[1,0;6]:[1,0;7]:[0,0;0]:[3,0;8]:[1,0;7]:[-1,0;6]:[0,0;0]:[3,0;8]:[-1,0;5]:[1,0;6]:[1,0;6]:[-3,0;8]:[-1,0;5]:[1,0;3]:[-3,-2;9]:[0,0;0]:[1,0;6]:[1,0;7]:
[0,0;0]:[0,0;0]:[0,0;0]:[0,0;0]:[0,0;0]:[0,0;0]:[0,0;0]:[0,0;0]:[0,0;0]:[1,0;5]:[1,0;6]:[-1,0;3]:[0,0;0]:[0,0;0]:[0,0;0]:[-1,0;6]:[-1,0;6]:[1,0;4]:[-1,0;3]:[0,0;0]:[0,0;0]:[-1,0;6]:[-1,0;5]:[0,0;0]:[0,0;0]:[0,0;0]:[0,0;0]:[0,0;0]:[0,0;0]:[0,0;0]:[0,0;0]:[0,0;0]:[0,0;0]:[0,0;0]:[0,0;0]:[0,0;0]:[0,0;0]:[0,0;0]:[0,0;0]:[0,0;0]:[0,0;0]:[-1,0;2]:[1,0;3]:[-1,0;6]:[0,0;0]:[-1,0;5]:[1,0;6]:[0,0;0]:[1,0;4]:[1,0;6]:[-1,0;5]:[0,0;0]:[-1,0;6]:[0,0;0]:[0,0;0]:[0,0;0]:[0,0;0]:[0,0;0]:[0,0;0]:[0,0;0]:[0,0;0]:[0,0;0]:[0,0;0]:[0,0;0]:
[0,0;0]:[0,0;0]:[1,0;8]:[0,0;0]:[1,0;7]:[0,0;0]:[0,0;0]:[-1,0;9]:[1,0;7]:[-1,0;6]:[1,-1;7]:[1,0;4]:[-1,0;6]:[0,0;0]:[-1,0;7]:[1,1;8]:[-1,1;7]:[0,0;0]:[1,0;4]:[1,0;6]:[1,0;8]:[1,1;8]:[-1,0;6]:[0,0;0]:[1,0;8]:[0,0;0]:[0,0;0]:[-1,0;8]:[1,0;7]:[1,0;9]:[0,0;0]:[0,0;0]:[1,0;8]:[0,0;0]:[0,0;0]:[1,0;8]:[1,0;3]:[0,0;0]:[-1,0;9]:[0,0;0]:[1,0;6]:[-1,0;3]:[-1,0;4]:[-1,-1;7]:[1,0;4]:[-1,0;6]:[1,-1;8]:[-1,0;7]:[1,0;3]:[1,1;7]:[1,0;6]:[1,0;6]:[-1,1;8]:[1,0;8]:[0,0;0]:[-1,0;6]:[0,0;0]:[1,0;8]:[0,0;0]:[0,0;0]:[-1,0;9]:[1,0;7]:[0,0;0]:[-1,0;7]:
[0,0;0]:[0,0;0]:[1,-2;8]:[0,0;0]:[-1,2;7]:[0,0;0]:[0,0;0]:[-1,0;7]:[0,0;0]:[0,0;0]:[-1,0;6]:[1,0;7]:[1,0;6]:[0,0;0]:[0,0;0]:[1,0;6]:[-1,0;6]:[1,0;6]:[0,0;0]:[1,0;4]:[0,0;0]:[-1,0;6]:[0,0;0]:[1,0;6]:[-1,-2;8]:[-1,0;3]:[0,0;0]:[-1,0;6]:[0,0;0]:[-1,0;7]:[0,0;0]:[1,0;5]:[-1,0;6]:[0,0;0]:[0,0;0]:[1,-2;8]:[0,0;0]:[0,0;0]:[-1,0;7]:[0,0;0]:[-1,0;4]:[0,0;0]:[1,0;7]:[-1,0;6]:[1,0;5]:[0,0;0]:[1,0;6]:[0,0;0]:[-1,0;6]:[-1,0;6]:[0,0;0]:[0,0;0]:[1,0;6]:[0,0;0]:[0,0;0]:[-1,0;6]:[1,0;3]:[-1,-2;8]:[0,0;0]:[0,0;0]:[1,0;7]:[0,0;0]:[0,0;0]:[-1,-2;7]:
[0,0;0]:[-1,0;7]:[-1,0;8]:[1,0;9]:[0,0;0]:[1,0;5]:[-1,0;4]:[1,-2;9]:[-1,0;3]:[-1,2;9]:[-1,-2;10]:[0,0;0]:[0,0;0]:[1,0;6]:[3,0;7]:[1,2;10]:[-1,2;10]:[0,0;0]:[0,0;0]:[0,0;0]:[3,0;8]:[-1,2;10]:[-1,-2;9]:[0,0;0]:[1,0;8]:[0,0;0]:[1,0;5]:[0,0;0]:[-1,0;9]:[1,2;9]:[1,-2;8]:[0,0;0]:[0,0;0]:[3,0;8]:[-1,0;9]:[1,0;8]:[0,0;0]:[1,2;8]:[-1,2;9]:[-1,0;4]:[0,0;0]:[0,0;0]:[0,0;0]:[1,2;10]:[0,0;0]:[1,-2;9]:[-1,-2;10]:[1,0;7]:[0,0;0]:[1,-2;10]:[-1,-2;9]:[1,0;4]:[-1,2;10]:[5,0;8]:[1,0;7]:[0,0;0]:[0,0;0]:[-1,0;8]:[1,0;7]:[0,0;0]:[1,2;9]:[1,0;9]:[-3,0;8]:[0,0;0]:
[0,0;0]:[-1,0;6]:[1,0;7]:[-3,0;8]:[0,0;0]:[0,0;0]:[-1,0;5]:[-1,0;8]:[0,0;0]:[1,-2;8]:[-1,2;9]:[0,0;0]:[0,0;0]:[1,0;5]:[-1,0;6]:[-1,2;9]:[-1,-2;9]:[-1,0;4]:[-1,0;3]:[0,0;0]:[1,0;7]:[1,2;9]:[-1,-2;8]:[0,0;0]:[-1,0;7]:[1,0;5]:[0,0;0]:[0,0;0]:[-3,0;8]:[-1,0;8]:[1,0;7]:[0,0;0]:[0,0;0]:[1,0;7]:[3,0;8]:[-1,0;7]:[0,0;0]:[1,0;7]:[1,0;8]:[1,0;5]:[0,0;0]:[0,0;0]:[0,0;0]:[1,-2;9]:[0,0;0]:[1,-2;8]:[1,-2;9]:[1,0;6]:[-1,0;4]:[1,2;9]:[1,2;8]:[0,0;0]:[1,2;9]:[-1,0;7]:[1,0;6]:[0,0;0]:[1,0;5]:[1,0;7]:[1,0;6]:[0,0;0]:[-1,0;8]:[3,0;8]:[1,0;7]:[0,0;0]:
[0,0;0]:[-1,0;7]:[-1,-1;8]:[-1,0;9]:[1,0;6]:[1,0;5]:[0,0;0]:[-1,2;9]:[0,0;0]:[1,-2;9]:[1,-2;10]:[1,0;6]:[1,0;5]:[1,0;6]:[1,0;7]:[-1,6;10]:[1,2;10]:[1,0;5]:[-1,0;4]:[0,0;0]:[1,0;8]:[1,-2;10]:[1,2;9]:[1,0;5]:[1,1;8]:[0,0;0]:[1,0;5]:[1,0;5]:[1,0;9]:[-1,2;9]:[-1,0;8]:[-1,0;4]:[1,0;5]:[-3,0;8]:[1,0;9]:[1,-1;8]:[0,0;0]:[-1,0;8]:[1,2;9]:[0,0;0]:[0,0;0]:[0,0;0]:[1,0;6]:[-1,2;10]:[0,0;0]:[-1,2;9]:[1,2;10]:[-1,0;7]:[1,0;5]:[-1,-2;10]:[1,2;9]:[0,0;0]:[1,6;10]:[-1,0;8]:[-1,0;7]:[-1,0;5]:[0,0;0]:[-1,1;8]:[1,0;7]:[0,0;0]:[-1,-2;9]:[-1,0;9]:[3,0;8]:[1,0;6]:
[0,0;0]:[0,0;0]:[0,0;0]:[0,0;0]:[0,0;0]:[0,0;0]:[0,0;0]:[0,0;0]:[0,0;0]:[0,0;0]:[0,0;0]:[-1,0;3]:[0,0;0]:[0,0;0]:[0,0;0]:[0,0;0]:[0,0;0]:[-1,0;4]:[0,0;0]:[0,0;0]:[0,0;0]:[0,0;0]:[0,0;0]:[1,0;2]:[0,0;0]:[0,0;0]:[0,0;0]:[0,0;0]:[0,0;0]:[0,0;0]:[0,0;0]:[0,0;0]:[0,0;0]:[0,0;0]:[0,0;0]:[0,0;0]:[-1,0;2]:[0,0;0]:[0,0;0]:[0,0;0]:[0,0;0]:[0,0;0]:[-1,0;3]:[0,0;0]:[1,0;3]:[0,0;0]:[0,0;0]:[0,0;0]:[1,0;4]:[0,0;0]:[0,0;0]:[0,0;0]:[0,0;0]:[0,0;0]:[0,0;0]:[0,0;0]:[0,0;0]:[0,0;0]:[0,0;0]:[0,0;0]:[0,0;0]:[0,0;0]:[0,0;0]:[0,0;0]:
[0,0;0]:[1,0;4]:[-5,0;9]:[0,0;0]:[1,0;8]:[0,0;0]:[1,0;4]:[1,0;8]:[0,0;0]:[1,0;6]:[-1,0;5]:[-1,0;8]:[-1,0;7]:[0,0;0]:[1,0;5]:[1,0;5]:[0,0;0]:[1,0;7]:[0,0;0]:[-1,0;5]:[0,0;0]:[0,0;0]:[-1,0;6]:[-1,0;7]:[-3,0;9]:[0,0;0]:[0,0;0]:[-1,0;7]:[0,0;0]:[-3,0;8]:[1,0;5]:[-1,0;6]:[-1,0;7]:[0,0;0]:[0,0;0]:[3,0;9]:[0,0;0]:[-1,0;5]:[-3,0;8]:[1,0;4]:[1,0;5]:[0,0;0]:[-1,0;8]:[0,0;0]:[1,0;6]:[-1,0;6]:[0,0;0]:[1,0;5]:[-1,0;7]:[-1,0;5]:[-1,0;6]:[1,0;4]:[1,0;5]:[0,0;0]:[0,0;0]:[1,0;7]:[0,0;0]:[5,0;9]:[1,0;4]:[0,0;0]:[-1,0;8]:[0,0;0]:[0,0;0]:[1,0;8]:
[0,0;0]:[0,0;0]:[0,0;0]:[-1,0;6]:[0,0;0]:[1,0;4]:[-1,0;5]:[-1,0;6]:[0,0;0]:[-1,0;6]:[1,0;7]:[0,0;0]:[0,0;0]:[-1,0;3]:[1,0;4]:[1,0;7]:[1,0;7]:[0,0;0]:[0,0;0]:[0,0;0]:[-1,0;5]:[-1,0;7]:[1,0;6]:[0,0;0]:[0,0;0]:[1,0;5]:[-1,0;4]:[0,0;0]:[-1,0;6]:[-1,0;6]:[1,0;5]:[0,0;0]:[0,0;0]:[-1,0;5]:[1,0;6]:[0,0;0]:[0,0;0]:[1,0;5]:[1,0;6]:[1,0;5]:[0,0;0]:[0,0;0]:[0,0;0]:[-1,0;7]:[0,0;0]:[-1,0;6]:[-1,0;7]:[-1,0;4]:[0,0;0]:[-1,0;7]:[-1,0;6]:[0,0;0]:[-1,0;7]:[1,0;5]:[-1,0;4]:[0,0;0]:[1,0;5]:[0,0;0]:[0,0;0]:[0,0;0]:[-1,0;6]:[1,0;6]:[-1,0;5]:[0,0;0]:
[0,0;0]:[0,0;0]:[-1,-2;9]:[1,0;7]:[1,2;8]:[1,0;5]:[1,0;6]:[1,-1;8]:[0,0;0]:[-1,0;7]:[-1,1;8]:[-1,0;8]:[-1,0;7]:[-1,0;4]:[-1,0;5]:[1,-1;8]:[-1,1;8]:[-1,0;7]:[0,0;0]:[-1,0;5]:[-1,0;6]:[-1,1;8]:[-1,0;7]:[-1,0;7]:[1,-2;9]:[-1,0;6]:[1,0;5]:[1,0;7]:[-1,0;7]:[1,-1;8]:[-1,0;6]:[-1,0;6]:[1,0;7]:[-1,0;6]:[-1,0;7]:[-1,-2;9]:[0,0;0]:[-1,0;6]:[1,1;8]:[-1,0;6]:[1,0;5]:[0,0;0]:[-1,0;8]:[1,1;8]:[-1,0;6]:[1,0;7]:[-1,-1;8]:[1,0;5]:[1,0;7]:[1,1;8]:[-1,0;7]:[0,0;0]:[-1,-1;8]:[1,0;6]:[1,0;5]:[1,0;7]:[3,0;6]:[1,-2;9]:[0,0;0]:[0,0;0]:[-1,-1;8]:[1,0;7]:[1,0;6]:[1,-2;8]:
[0,0;0]:[0,0;0]:[-1,0;7]:[0,0;0]:[-1,0;6]:[0,0;0]:[0,0;0]:[1,0;8]:[-1,0;6]:[0,0;0]:[1,0;5]:[0,0;0]:[1,0;5]:[0,0;0]:[1,0;6]:[-1,0;7]:[-1,0;5]:[-1,0;4]:[0,0;0]:[-1,0;5]:[-1,0;7]:[-1,0;7]:[0,0;0]:[0,0;0]:[-1,0;7]:[0,0;0]:[0,0;0]:[1,0;7]:[-1,0;6]:[-1,0;8]:[0,0;0]:[0,0;0]:[-1,0;7]:[0,0;0]:[0,0;0]:[-1,0;7]:[1,0;2]:[0,0;0]:[1,0;8]:[0,0;0]:[-1,0;5]:[0,0;0]:[0,0;0]:[1,0;5]:[1,0;3]:[0,0;0]:[-1,0;7]:[1,0;6]:[1,0;4]:[-1,0;5]:[0,0;0]:[-1,0;5]:[1,0;7]:[-1,0;7]:[0,0;0]:[1,0;5]:[0,0;0]:[-1,0;7]:[0,0;0]:[0,0;0]:[1,0;8]:[-1,0;6]:[0,0;0]:[1,0;6]:
[0,0;0]:[-1,0;7]:[1,0;8]:[-3,0;9]:[0,0;0]:[0,0;0]:[-1,0;6]:[1,0;9]:[1,0;5]:[1,2;9]:[-1,-2;10]:[0,0;0]:[0,0;0]:[1,0;6]:[-3,0;7]:[-5,-2;10]:[-1,2;10]:[1,0;5]:[1,0;4]:[-1,0;4]:[3,0;8]:[-3,-2;10]:[-1,2;9]:[0,0;0]:[-1,0;8]:[1,0;6]:[0,0;0]:[1,0;6]:[1,0;9]:[-3,0;9]:[1,0;8]:[0,0;0]:[-1,0;6]:[1,0;8]:[3,0;9]:[-1,0;8]:[0,0;0]:[1,0;8]:[3,0;9]:[1,0;6]:[-1,0;4]:[0,0;0]:[0,0;0]:[1,2;10]:[0,0;0]:[1,2;9]:[-3,2;10]:[-1,0;7]:[1,0;5]:[1,-2;10]:[1,-2;9]:[1,0;4]:[5,-2;10]:[1,0;8]:[1,0;7]:[0,0;0]:[1,0;6]:[1,0;8]:[1,0;7]:[0,0;0]:[1,0;9]:[7,0;9]:[1,0;8]:[0,0;0]:
[0,0;0]:[1,0;6]:[1,0;7]:[-1,0;8]:[0,0;0]:[-1,0;4]:[0,0;0]:[-1,-2;8]:[0,0;0]:[1,2;8]:[1,-2;9]:[0,0;0]:[0,0;0]:[-1,0;5]:[-1,0;6]:[-1,2;9]:[1,2;9]:[0,0;0]:[0,0;0]:[0,0;0]:[1,0;7]:[1,2;9]:[1,-2;8]:[0,0;0]:[-1,0;7]:[0,0;0]:[-1,0;4]:[0,0;0]:[1,0;8]:[-1,2;8]:[-1,-2;7]:[0,0;0]:[0,0;0]:[-3,0;7]:[1,0;8]:[-1,0;7]:[0,0;0]:[-1,2;7]:[1,2;8]:[0,0;0]:[0,0;0]:[0,0;0]:[0,0;0]:[-1,2;9]:[0,0;0]:[-1,-2;8]:[1,-2;9]:[1,0;6]:[0,0;0]:[-1,-2;9]:[1,-2;8]:[0,0;0]:[1,2;9]:[-1,0;7]:[-1,0;6]:[0,0;0]:[0,0;0]:[1,0;7]:[-1,0;6]:[0,0;0]:[-1,2;8]:[-1,0;8]:[3,0;7]:[0,0;0]:
[0,0;0]:[-1,0;7]:[1,-2;8]:[3,0;9]:[-1,0;4]:[0,0;0]:[-1,0;6]:[1,-4;9]:[0,0;0]:[-1,2;9]:[1,2;10]:[0,0;0]:[0,0;0]:[1,0;6]:[-1,0;7]:[1,2;10]:[1,-2;10]:[0,0;0]:[0,0;0]:[0,0;0]:[-1,0;8]:[-1,2;10]:[1,2;9]:[0,0;0]:[-1,2;8]:[1,0;6]:[0,0;0]:[1,0;5]:[3,0;9]:[1,0;9]:[-1,2;8]:[0,0;0]:[1,0;5]:[-1,0;8]:[-3,0;9]:[-1,-2;8]:[0,0;0]:[-1,-2;8]:[-1,0;9]:[1,0;6]:[0,0;0]:[0,0;0]:[0,0;0]:[-1,-2;10]:[0,0;0]:[-1,2;9]:[-1,-2;10]:[1,0;7]:[0,0;0]:[-1,2;10]:[-1,-2;9]:[0,0;0]:[-1,2;10]:[1,0;8]:[-1,0;7]:[0,0;0]:[1,0;6]:[1,2;8]:[1,0;7]:[1,0;3]:[1,4;9]:[-3,0;9]:[-1,0;8]:[-1,0;4]:
[0,0;0]:[0,0;0]:[-1,0;6]:[0,0;0]:[1,0;5]:[0,0;0]:[0,0;0]:[0,0;0]:[0,0;0]:[0,0;0]:[-1,0;4]:[1,0;5]:[-1,0;4]:[0,0;0]:[0,0;0]:[0,0;0]:[-1,0;4]:[-1,0;4]:[0,0;0]:[0,0;0]:[0,0;0]:[0,0;0]:[0,0;0]:[1,0;4]:[1,0;6]:[0,0;0]:[0,0;0]:[0,0;0]:[0,0;0]:[0,0;0]:[0,0;0]:[1,0;3]:[0,0;0]:[0,0;0]:[0,0;0]:[-1,0;6]:[0,0;0]:[0,0;0]:[0,0;0]:[0,0;0]:[0,0;0]:[0,0;0]:[1,0;5]:[-1,0;4]:[-1,0;3]:[0,0;0]:[0,0;0]:[0,0;0]:[1,0;4]:[-1,0;4]:[0,0;0]:[0,0;0]:[0,0;0]:[0,0;0]:[0,0;0]:[1,0;4]:[0,0;0]:[1,0;6]:[0,0;0]:[0,0;0]:[0,0;0]:[0,0;0]:[0,0;0]:[1,0;5]:
[0,0;0]:[0,0;0]:[-1,0;7]:[0,0;0]:[1,0;6]:[0,0;0]:[0,0;0]:[1,0;6]:[0,0;0]:[0,0;0]:[-1,0;5]:[-1,0;6]:[-1,0;5]:[0,0;0]:[0,0;0]:[-1,0;5]:[-1,0;5]:[1,0;5]:[0,0;0]:[1,0;3]:[0,0;0]:[1,0;5]:[0,0;0]:[-1,0;5]:[1,0;7]:[0,0;0]:[0,0;0]:[1,0;5]:[0,0;0]:[1,0;6]:[0,0;0]:[-1,0;4]:[1,0;5]:[0,0;0]:[0,0;0]:[-1,0;7]:[0,0;0]:[0,0;0]:[1,0;6]:[0,0;0]:[-1,0;3]:[0,0;0]:[-1,0;6]:[-1,0;5]:[1,0;4]:[0,0;0]:[-1,0;5]:[0,0;0]:[-1,0;5]:[-1,0;5]:[0,0;0]:[0,0;0]:[-1,0;5]:[0,0;0]:[0,0;0]:[1,0;5]:[0,0;0]:[1,0;7]:[0,0;0]:[0,0;0]:[-1,0;6]:[0,0;0]:[0,0;0]:[1,0;6]:
[0,0;0]:[1,0;5]:[1,0;6]:[9,0;8]:[0,0;0]:[1,0;6]:[-1,0;7]:[1,-1;8]:[0,0;0]:[1,-1;8]:[-1,-1;9]:[0,0;0]:[0,0;0]:[-1,0;5]:[1,0;6]:[-1,-1;9]:[-1,1;9]:[0,0;0]:[0,0;0]:[0,0;0]:[1,0;7]:[1,-1;9]:[-1,-1;8]:[0,0;0]:[1,0;6]:[1,0;7]:[-1,0;6]:[0,0;0]:[1,0;8]:[1,1;8]:[-1,1;7]:[0,0;0]:[0,0;0]:[1,0;7]:[7,0;8]:[-1,0;6]:[0,0;0]:[-1,-1;7]:[-1,1;8]:[1,0;7]:[0,0;0]:[0,0;0]:[0,0;0]:[1,1;9]:[0,0;0]:[1,-1;8]:[1,1;9]:[-1,0;6]:[0,0;0]:[1,-1;9]:[1,1;8]:[0,0;0]:[1,-1;9]:[-1,0;7]:[1,0;6]:[0,0;0]:[1,0;7]:[-1,0;6]:[1,0;5]:[0,0;0]:[1,1;8]:[-1,0;8]:[1,0;7]:[0,0;0]:
[0,0;0]:[-1,0;4]:[1,0;5]:[-1,0;7]:[0,0;0]:[1,0;5]:[1,0;6]:[1,1;7]:[0,0;0]:[1,1;7]:[1,-1;8]:[0,0;0]:[0,0;0]:[-1,0;4]:[-1,0;5]:[-1,1;8]:[1,1;8]:[0,0;0]:[0,0;0]:[0,0;0]:[1,0;6]:[1,1;8]:[1,-1;7]:[0,0;0]:[1,0;5]:[1,0;6]:[1,0;5]:[0,0;0]:[1,0;7]:[1,-1;7]:[1,1;6]:[0,0;0]:[0,0;0]:[1,0;6]:[1,0;7]:[-1,0;5]:[0,0;0]:[1,-1;6]:[-1,-1;7]:[-1,0;6]:[0,0;0]:[0,0;0]:[0,0;0]:[-1,1;8]:[0,0;0]:[-1,-1;7]:[1,-1;8]:[1,0;5]:[0,0;0]:[-1,-1;8]:[1,-1;7]:[0,0;0]:[1,1;8]:[-1,0;6]:[-1,0;5]:[0,0;0]:[1,0;6]:[-1,0;5]:[-1,0;4]:[0,0;0]:[1,-1;7]:[-1,0;7]:[-1,0;6]:[0,0;0]:
[0,0;0]:[-1,0;6]:[1,0;5]:[1,0;8]:[1,0;6]:[1,0;6]:[1,0;7]:[0,0;0]:[-1,0;6]:[1,-1;8]:[-5,1;9]:[-1,0;5]:[-1,0;5]:[0,0;0]:[1,0;6]:[-3,1;9]:[3,-1;9]:[1,0;6]:[1,0;5]:[-1,0;5]:[-1,0;5]:[-1,1;9]:[-1,-1;8]:[0,0;0]:[0,0;0]:[-1,0;7]:[-1,0;6]:[1,0;7]:[-1,0;8]:[-1,0;6]:[1,0;7]:[0,0;0]:[-1,0;7]:[1,0;7]:[-1,0;8]:[0,0;0]:[0,0;0]:[1,0;7]:[1,0;6]:[-1,0;7]:[-1,0;5]:[1,0;4]:[1,0;5]:[-3,-1;9]:[0,0;0]:[1,-1;8]:[-1,-1;9]:[1,0;6]:[1,0;6]:[5,1;9]:[1,1;8]:[-1,0;5]:[3,1;9]:[0,0;0]:[-1,0;6]:[-1,0;5]:[-1,0;7]:[1,0;5]:[1,0;6]:[0,0;0]:[0,0;0]:[-3,0;8]:[1,0;7]:[-1,0;6]:
[0,0;0]:[0,0;0]:[-1,0;6]:[0,0;0]:[-1,0;5]:[0,0;0]:[0,0;0]:[1,0;7]:[1,0;5]:[0,0;0]:[0,0;0]:[-1,0;4]:[-1,0;4]:[0,0;0]:[0,0;0]:[1,0;6]:[0,0;0]:[1,0;5]:[0,0;0]:[0,0;0]:[1,0;6]:[1,0;6]:[0,0;0]:[1,0;3]:[-1,0;6]:[0,0;0]:[0,0;0]:[1,0;6]:[-1,0;5]:[-1,0;7]:[0,0;0]:[0,0;0]:[-1,0;6]:[0,0;0]:[0,0;0]:[-1,0;6]:[1,0;3]:[0,0;0]:[1,0;7]:[0,0;0]:[0,0;0]:[0,0;0]:[-1,0;4]:[0,0;0]:[-1,0;4]:[0,0;0]:[1,0;6]:[0,0;0]:[-1,0;5]:[0,0;0]:[0,0;0]:[0,0;0]:[-1,0;6]:[1,0;6]:[0,0;0]:[-1,0;4]:[0,0;0]:[-1,0;6]:[0,0;0]:[0,0;0]:[1,0;7]:[-1,0;5]:[0,0;0]:[1,0;5]:
[0,0;0]:[0,0;0]:[-1,1;8]:[1,0;6]:[1,-1;7]:[0,0;0]:[0,0;0]:[1,0;4]:[0,0;0]:[1,0;6]:[1,1;7]:[1,0;7]:[-1,0;6]:[0,0;0]:[0,0;0]:[-1,0;7]:[1,1;7]:[1,0;6]:[0,0;0]:[0,0;0]:[-1,0;5]:[1,0;7]:[1,0;6]:[1,0;6]:[1,1;8]:[-1,0;5]:[0,0;0]:[-1,0;5]:[-1,0;6]:[0,0;0]:[1,0;5]:[1,0;5]:[1,0;5]:[-1,0;5]:[-1,0;6]:[-1,1;8]:[0,0;0]:[1,0;5]:[0,0;0]:[0,0;0]:[0,0;0]:[0,0;0]:[1,0;7]:[-1,1;7]:[1,0;5]:[-1,0;6]:[1,0;7]:[0,0;0]:[-1,0;6]:[-1,1;7]:[1,0;6]:[0,0;0]:[1,0;7]:[1,0;5]:[1,0;4]:[1,0;6]:[1,0;5]:[1,1;8]:[0,0;0]:[0,0;0]:[1,0;4]:[1,0;6]:[1,0;5]:[1,1;7]:
[0,0;0]:[0,0;0]:[0,0;0]:[1,0;5]:[0,0;0]:[0,0;0]:[0,0;0]:[-1,0;5]:[0,0;0]:[-1,0;5]:[1,0;6]:[0,0;0]:[0,0;0]:[0,0;0]:[0,0;0]:[1,0;6]:[1,0;6]:[0,0;0]:[0,0;0]:[0,0;0]:[1,0;4]:[-1,0;6]:[1,0;5]:[0,0;0]:[0,0;0]:[0,0;0]:[0,0;0]:[0,0;0]:[1,0;5]:[-1,0;5]:[1,0;4]:[0,0;0]:[0,0;0]:[1,0;4]:[-1,0;5]:[0,0;0]:[0,0;0]:[1,0;4]:[1,0;5]:[0,0;0]:[0,0;0]:[0,0;0]:[0,0;0]:[-1,0;6]:[0,0;0]:[-1,0;5]:[-1,0;6]:[0,0;0]:[0,0;0]:[-1,0;6]:[-1,0;5]:[0,0;0]:[-1,0;6]:[-1,0;4]:[1,0;3]:[0,0;0]:[0,0;0]:[0,0;0]:[0,0;0]:[0,0;0]:[-1,0;5]:[-1,0;5]:[1,0;4]:[0,0;0]:
[0,0;0]:[1,0;6]:[-1,1;8]:[-3,0;8]:[1,0;7]:[0,0;0]:[1,0;3]:[1,-1;8]:[-1,0;4]:[-1,0;8]:[-1,0;9]:[1,0;7]:[1,0;6]:[1,0;5]:[0,0;0]:[1,-2;9]:[-1,0;9]:[0,0;0]:[0,0;0]:[0,0;0]:[1,0;7]:[-1,2;9]:[-1,0;8]:[1,0;6]:[1,-1;8]:[1,0;5]:[0,0;0]:[-1,0;6]:[3,0;8]:[1,-1;8]:[1,0;7]:[-1,0;5]:[-1,0;6]:[-1,0;7]:[3,0;8]:[-1,-1;8]:[0,0;0]:[1,0;7]:[-1,-1;8]:[0,0;0]:[0,0;0]:[0,0;0]:[1,0;7]:[1,0;9]:[0,0;0]:[1,0;8]:[-1,-2;9]:[-1,0;4]:[0,0;0]:[1,0;9]:[-1,0;8]:[-1,0;5]:[-1,-2;9]:[3,0;7]:[1,0;6]:[-1,0;6]:[1,0;5]:[1,1;8]:[-1,0;6]:[0,0;0]:[1,1;8]:[-3,0;8]:[1,0;7]:[1,0;7]:
[0,0;0]:[0,0;0]:[-1,0;6]:[0,0;0]:[-1,0;5]:[0,0;0]:[0,0;0]:[1,0;7]:[-1,0;5]:[0,0;0]:[-1,0;4]:[0,0;0]:[1,0;4]:[0,0;0]:[-1,0;5]:[-1,0;6]:[1,0;4]:[0,0;0]:[0,0;0]:[1,0;4]:[-1,0;6]:[-1,0;6]:[0,0;0]:[0,0;0]:[-1,0;6]:[0,0;0]:[0,0;0]:[1,0;6]:[-1,0;5]:[-1,0;7]:[0,0;0]:[0,0;0]:[-1,0;6]:[0,0;0]:[0,0;0]:[-1,0;6]:[0,0;0]:[0,0;0]:[1,0;7]:[0,0;0]:[1,0;4]:[0,0;0]:[0,0;0]:[-1,0;4]:[0,0;0]:[0,0;0]:[-1,0;6]:[-1,0;5]:[0,0;0]:[1,0;4]:[0,0;0]:[1,0;4]:[1,0;6]:[-1,0;6]:[0,0;0]:[1,0;4]:[0,0;0]:[-1,0;6]:[0,0;0]:[0,0;0]:[1,0;7]:[-1,0;5]:[0,0;0]:[1,0;5]:
[0,0;0]:[-1,0;6]:[-1,1;7]:[-1,0;8]:[-1,0;5]:[-1,0;6]:[1,0;7]:[-1,0;8]:[0,0;0]:[1,1;8]:[1,1;9]:[1,0;3]:[-1,0;4]:[0,0;0]:[0,0;0]:[-1,-1;9]:[1,-1;9]:[1,0;6]:[-1,0;5]:[0,0;0]:[-1,0;7]:[1,-1;9]:[1,-1;8]:[1,0;4]:[1,-1;7]:[1,0;7]:[-1,0;6]:[0,0;0]:[1,0;8]:[-1,0;8]:[-1,0;7]:[-1,0;3]:[0,0;0]:[1,0;7]:[1,0;8]:[1,1;7]:[0,0;0]:[-1,0;7]:[1,0;8]:[-1,0;7]:[0,0;0]:[1,0;4]:[0,0;0]:[-1,-1;9]:[0,0;0]:[-1,-1;8]:[1,1;9]:[0,0;0]:[1,0;6]:[-1,1;9]:[1,-1;8]:[0,0;0]:[1,-1;9]:[1,0;7]:[1,0;6]:[1,0;4]:[1,0;7]:[-1,-1;7]:[1,0;6]:[0,0;0]:[-1,0;8]:[-1,0;8]:[-1,0;7]:[-1,0;5]:
[0,0;0]:[1,0;5]:[-1,0;6]:[-1,0;7]:[0,0;0]:[-1,0;5]:[-1,0;6]:[1,0;7]:[0,0;0]:[-1,-1;7]:[1,1;8]:[-1,0;4]:[0,0;0]:[0,0;0]:[0,0;0]:[1,1;8]:[1,-1;8]:[1,0;5]:[1,0;4]:[0,0;0]:[1,0;6]:[-1,1;8]:[1,-1;7]:[0,0;0]:[1,0;6]:[1,0;6]:[1,0;5]:[0,0;0]:[-1,0;7]:[1,0;7]:[-1,0;6]:[0,0;0]:[0,0;0]:[-1,0;6]:[1,0;7]:[1,0;6]:[0,0;0]:[-1,0;6]:[-1,0;7]:[1,0;6]:[0,0;0]:[1,0;3]:[1,0;4]:[-1,-1;8]:[0,0;0]:[-1,-1;7]:[-1,-1;8]:[0,0;0]:[1,0;5]:[-1,1;8]:[-1,1;7]:[0,0;0]:[-1,1;8]:[-1,0;6]:[1,0;5]:[0,0;0]:[1,0;6]:[-1,0;6]:[-1,0;5]:[0,0;0]:[1,0;7]:[1,0;7]:[-1,0;6]:[0,0;0]:
[0,0;0]:[1,0;5]:[-3,0;8]:[-1,0;8]:[1,0;7]:[1,0;6]:[1,0;7]:[1,-2;8]:[0,0;0]:[1,-1;8]:[1,3;9]:[-1,0;7]:[-1,0;6]:[-1,0;5]:[-1,0;6]:[-1,1;9]:[1,1;9]:[-1,0;6]:[0,0;0]:[1,0;4]:[1,0;7]:[1,-3;9]:[1,1;8]:[-1,0;6]:[-1,0;8]:[1,0;7]:[1,0;6]:[-1,0;6]:[1,0;8]:[1,0;8]:[1,-1;7]:[-1,0;5]:[-1,0;6]:[1,0;7]:[1,0;8]:[1,0;8]:[0,0;0]:[1,1;7]:[-1,0;8]:[-1,0;7]:[-1,0;4]:[0,0;0]:[-1,0;7]:[-1,1;9]:[-1,0;5]:[-1,1;8]:[1,3;9]:[1,0;6]:[1,0;6]:[-1,3;9]:[1,1;8]:[0,0;0]:[1,1;9]:[-1,0;7]:[-1,0;6]:[1,0;6]:[1,0;7]:[3,0;8]:[1,0;5]:[0,0;0]:[1,2;8]:[-1,0;8]:[-1,0;7]:[1,0;7]:
[0,0;0]:[0,0;0]:[-1,-1;7]:[0,0;0]:[1,1;6]:[0,0;0]:[0,0;0]:[-1,0;5]:[0,0;0]:[0,0;0]:[1,0;5]:[1,0;6]:[-1,0;5]:[0,0;0]:[0,0;0]:[0,0;0]:[1,0;5]:[1,0;5]:[0,0;0]:[0,0;0]:[0,0;0]:[0,0;0]:[0,0;0]:[1,0;5]:[1,-1;7]:[1,0;4]:[0,0;0]:[1,0;4]:[0,0;0]:[1,0;5]:[0,0;0]:[1,0;4]:[-1,0;4]:[0,0;0]:[0,0;0]:[-1,-1;7]:[0,0;0]:[0,0;0]:[-1,0;5]:[0,0;0]:[0,0;0]:[0,0;0]:[1,0;6]:[1,0;5]:[1,0;4]:[0,0;0]:[0,0;0]:[0,0;0]:[-1,0;5]:[1,0;5]:[0,0;0]:[0,0;0]:[0,0;0]:[0,0;0]:[0,0;0]:[1,0;5]:[-1,0;4]:[1,-1;7]:[0,0;0]:[0,0;0]:[-1,0;5]:[0,0;0]:[0,0;0]:[1,-1;6]:
[0,0;0]:[0,0;0]:[-1,0;7]:[0,0;0]:[-1,0;6]:[0,0;0]:[0,0;0]:[1,0;8]:[1,0;6]:[1,0;4]:[1,0;5]:[1,0;5]:[-1,0;5]:[0,0;0]:[0,0;0]:[3,0;7]:[1,0;5]:[-1,0;6]:[0,0;0]:[0,0;0]:[1,0;7]:[-1,0;7]:[-1,0;4]:[-1,0;4]:[-1,0;7]:[0,0;0]:[0,0;0]:[1,0;7]:[-1,0;6]:[-1,0;8]:[0,0;0]:[0,0;0]:[-1,0;7]:[0,0;0]:[0,0;0]:[-1,0;7]:[-1,0;4]:[0,0;0]:[1,0;8]:[0,0;0]:[0,0;0]:[0,0;0]:[1,0;5]:[-1,0;5]:[1,0;5]:[1,0;4]:[-1,0;7]:[0,0;0]:[1,0;6]:[-1,0;5]:[1,0;4]:[0,0;0]:[-3,0;7]:[1,0;7]:[0,0;0]:[-1,0;5]:[0,0;0]:[-1,0;7]:[0,0;0]:[0,0;0]:[1,0;8]:[-1,0;6]:[0,0;0]:[1,0;6]:
[0,0;0]:[0,0;0]:[0,0;0]:[0,0;0]:[0,0;0]:[0,0;0]:[0,0;0]:[0,0;0]:[0,0;0]:[-1,0;3]:[1,0;4]:[0,0;0]:[0,0;0]:[0,0;0]:[0,0;0]:[-1,0;4]:[1,0;4]:[0,0;0]:[0,0;0]:[0,0;0]:[0,0;0]:[1,0;4]:[-1,0;3]:[0,0;0]:[0,0;0]:[0,0;0]:[0,0;0]:[0,0;0]:[0,0;0]:[0,0;0]:[0,0;0]:[0,0;0]:[0,0;0]:[0,0;0]:[0,0;0]:[0,0;0]:[0,0;0]:[0,0;0]:[0,0;0]:[0,0;0]:[0,0;0]:[0,0;0]:[0,0;0]:[-1,0;4]:[0,0;0]:[1,0;3]:[1,0;4]:[0,0;0]:[0,0;0]:[-1,0;4]:[-1,0;3]:[0,0;0]:[1,0;4]:[0,0;0]:[0,0;0]:[0,0;0]:[0,0;0]:[0,0;0]:[0,0;0]:[0,0;0]:[0,0;0]:[0,0;0]:[0,0;0]:[0,0;0]:
[0,0;0]:[-1,0;6]:[1,-1;7]:[-1,0;8]:[-1,0;5]:[-1,0;4]:[0,0;0]:[1,1;7]:[1,0;6]:[-1,0;8]:[1,0;9]:[0,0;0]:[0,0;0]:[-1,0;5]:[1,0;4]:[-1,0;9]:[1,0;9]:[0,0;0]:[0,0;0]:[1,0;5]:[0,0;0]:[-3,0;9]:[1,0;8]:[0,0;0]:[-1,1;7]:[0,0;0]:[1,0;4]:[1,-1;7]:[1,0;8]:[1,0;7]:[-1,0;7]:[0,0;0]:[-1,-1;7]:[3,0;7]:[1,0;8]:[-1,-1;7]:[0,0;0]:[-1,0;7]:[1,0;7]:[0,0;0]:[1,0;5]:[0,0;0]:[0,0;0]:[-1,0;9]:[0,0;0]:[-1,0;8]:[-3,0;9]:[0,0;0]:[0,0;0]:[-1,0;9]:[-1,0;8]:[-1,0;5]:[1,0;9]:[1,0;5]:[-1,0;6]:[0,0;0]:[0,0;0]:[1,1;7]:[1,0;6]:[-1,0;4]:[-1,1;7]:[3,0;8]:[3,0;7]:[-1,0;5]:
[0,0;0]:[0,0;0]:[1,0;8]:[0,0;0]:[1,0;7]:[0,0;0]:[0,0;0]:[-1,0;9]:[1,0;7]:[1,0;6]:[-1,-1;7]:[-1,0;4]:[-1,0;6]:[0,0;0]:[-1,0;7]:[1,-1;8]:[1,1;7]:[-1,0;3]:[-1,0;4]:[1,0;6]:[1,0;8]:[1,-1;8]:[1,0;6]:[0,0;0]:[1,0;8]:[0,0;0]:[0,0;0]:[-1,0;8]:[1,0;7]:[1,0;9]:[0,0;0]:[0,0;0]:[1,0;8]:[0,0;0]:[0,0;0]:[1,0;8]:[1,0;3]:[0,0;0]:[-1,0;9]:[0,0;0]:[1,0;6]:[1,0;3]:[1,0;4]:[1,-1;7]:[1,0;4]:[1,0;6]:[1,1;8]:[-1,0;7]:[0,0;0]:[-1,1;7]:[-1,0;6]:[1,0;6]:[-1,-1;8]:[1,0;8]:[0,0;0]:[-1,0;6]:[0,0;0]:[1,0;8]:[0,0;0]:[0,0;0]:[-1,0;9]:[1,0;7]:[0,0;0]:[-1,0;7]:
[0,0;0]:[-1,0;4]:[-1,0;5]:[1,0;6]:[0,0;0]:[-1,0;4]:[1,0;5]:[1,0;6]:[0,0;0]:[-1,0;6]:[-1,0;7]:[0,0;0]:[0,0;0]:[0,0;0]:[0,0;0]:[1,0;7]:[-1,0;7]:[0,0;0]:[0,0;0]:[0,0;0]:[1,0;5]:[-1,0;7]:[-1,0;6]:[0,0;0]:[1,0;5]:[1,0;5]:[-1,0;4]:[0,0;0]:[-1,0;6]:[1,0;6]:[1,0;5]:[0,0;0]:[0,0;0]:[-1,0;5]:[-1,0;6]:[1,0;5]:[0,0;0]:[1,0;5]:[-1,0;6]:[-1,0;5]:[0,0;0]:[0,0;0]:[0,0;0]:[1,0;7]:[0,0;0]:[1,0;6]:[-1,0;7]:[0,0;0]:[0,0;0]:[1,0;7]:[-1,0;6]:[0,0;0]:[-1,0;7]:[-1,0;5]:[-1,0;4]:[0,0;0]:[1,0;5]:[-1,0;5]:[1,0;4]:[0,0;0]:[1,0;6]:[1,0;6]:[1,0;5]:[0,0;0]:
[0,0;0]:[1,0;5]:[-1,0;8]:[1,0;7]:[1,0;7]:[-1,0;5]:[-1,0;6]:[-1,-2;9]:[-1,0;7]:[1,0;7]:[1,0;8]:[0,0;0]:[-1,0;6]:[0,0;0]:[-1,0;7]:[-1,0;6]:[-3,0;8]:[0,0;0]:[0,0;0]:[1,0;6]:[-3,0;8]:[0,0;0]:[-1,0;7]:[0,0;0]:[3,0;8]:[1,0;6]:[1,0;5]:[1,2;8]:[0,0;0]:[-3,-2;9]:[1,0;6]:[0,0;0]:[-1,2;8]:[1,0;6]:[-1,0;7]:[3,0;8]:[0,0;0]:[1,0;6]:[3,-2;9]:[1,0;6]:[1,0;6]:[0,0;0]:[0,0;0]:[3,0;8]:[0,0;0]:[1,0;7]:[0,0;0]:[-1,0;7]:[0,0;0]:[-1,0;8]:[1,0;7]:[1,0;6]:[1,0;6]:[1,0;8]:[-1,0;5]:[-1,0;6]:[1,0;6]:[-1,0;8]:[-1,0;5]:[-1,0;3]:[-1,2;9]:[-1,0;5]:[1,0;6]:[-1,0;7]:
[0,0;0]:[0,0;0]:[1,0;8]:[0,0;0]:[-1,0;7]:[0,0;0]:[1,0;3]:[1,0;7]:[0,0;0]:[0,0;0]:[1,0;6]:[1,0;7]:[1,0;6]:[0,0;0]:[1,0;4]:[-1,0;6]:[1,0;6]:[-1,0;6]:[0,0;0]:[1,0;4]:[0,0;0]:[1,0;6]:[0,0;0]:[1,0;6]:[-1,0;8]:[0,0;0]:[0,0;0]:[1,0;6]:[0,0;0]:[1,0;7]:[0,0;0]:[1,0;5]:[1,0;6]:[0,0;0]:[0,0;0]:[1,0;8]:[0,0;0]:[0,0;0]:[1,0;7]:[1,0;3]:[-1,0;4]:[0,0;0]:[1,0;7]:[1,0;6]:[-1,0;5]:[0,0;0]:[-1,0;6]:[1,0;4]:[1,0;6]:[1,0;6]:[0,0;0]:[1,0;3]:[-1,0;6]:[0,0;0]:[0,0;0]:[-1,0;6]:[0,0;0]:[-1,0;8]:[0,0;0]:[0,0;0]:[-1,0;7]:[0,0;0]:[0,0;0]:[-1,0;7]:
[0,0;0]:[1,0;7]:[1,-1;8]:[1,0;9]:[1,0;6]:[-1,0;5]:[0,0;0]:[1,2;9]:[0,0;0]:[-1,2;9]:[-1,2;10]:[1,0;6]:[1,0;5]:[-1,0;6]:[-1,0;7]:[1,2;10]:[-1,-2;10]:[-1,0;5]:[1,0;4]:[0,0;0]:[-1,0;8]:[-1,-6;10]:[-1,-2;9]:[1,0;5]:[-1,1;8]:[0,0;0]:[-1,0;5]:[1,0;5]:[-1,0;9]:[1,2;9]:[1,0;8]:[-1,0;4]:[1,0;5]:[3,0;8]:[-1,0;9]:[-1,-1;8]:[0,0;0]:[1,0;8]:[-1,2;9]:[0,0;0]:[0,0;0]:[0,0;0]:[1,0;6]:[1,-2;10]:[0,0;0]:[1,-2;9]:[-1,6;10]:[1,0;7]:[-1,0;5]:[1,2;10]:[-1,-2;9]:[0,0;0]:[-1,2;10]:[1,0;8]:[1,0;7]:[-1,0;5]:[0,0;0]:[1,1;8]:[-1,0;7]:[0,0;0]:[1,-2;9]:[1,0;9]:[-3,0;8]:[1,0;6]:
[0,0;0]:[-1,0;6]:[1,0;7]:[3,0;8]:[0,0;0]:[0,0;0]:[-1,0;5]:[1,2;8]:[0,0;0]:[-1,-2;8]:[1,-2;9]:[0,0;0]:[0,0;0]:[1,0;5]:[-1,0;6]:[1,-2;9]:[1,2;9]:[0,0;0]:[0,0;0]:[0,0;0]:[-1,0;7]:[-1,-2;9]:[1,-2;8]:[0,0;0]:[-1,0;7]:[1,0;5]:[0,0;0]:[0,0;0]:[3,0;8]:[1,-2;8]:[-1,-2;7]:[0,0;0]:[0,0;0]:[-1,0;7]:[-3,0;8]:[-1,0;7]:[0,0;0]:[-1,2;7]:[-1,-2;8]:[1,0;5]:[0,0;0]:[0,0;0]:[0,0;0]:[-1,2;9]:[0,0;0]:[-1,-2;8]:[-1,2;9]:[1,0;6]:[0,0;0]:[-1,-2;9]:[-1,2;8]:[0,0;0]:[-1,-2;9]:[1,0;7]:[-1,0;6]:[0,0;0]:[1,0;5]:[1,0;7]:[1,0;6]:[0,0;0]:[1,-2;8]:[-3,0;8]:[-1,0;7]:[0,0;0]:
[0,0;0]:[-1,0;7]:[-1,0;8]:[1,0;9]:[0,0;0]:[1,0;5]:[1,0;4]:[1,-2;9]:[1,0;3]:[-1,2;9]:[-1,-2;10]:[0,0;0]:[0,0;0]:[1,0;6]:[-1,0;7]:[1,2;10]:[-1,2;10]:[0,0;0]:[0,0;0]:[0,0;0]:[-5,0;8]:[-1,2;10]:[-1,-2;9]:[0,0;0]:[1,0;8]:[0,0;0]:[1,0;5]:[0,0;0]:[-1,0;9]:[1,2;9]:[1,-2;8]:[0,0;0]:[0,0;0]:[3,0;8]:[-1,0;9]:[1,0;8]:[0,0;0]:[1,2;8]:[-1,2;9]:[1,0;4]:[0,0;0]:[0,0;0]:[0,0;0]:[1,2;10]:[0,0;0]:[1,-2;9]:[-1,-2;10]:[-3,0;7]:[0,0;0]:[1,-2;10]:[-1,-2;9]:[-1,0;4]:[-1,2;10]:[-3,0;8]:[1,0;7]:[0,0;0]:[0,0;0]:[-1,0;8]:[1,0;7]:[0,0;0]:[1,2;9]:[1,0;9]:[-3,0;8]:[0,0;0]:
[0,0;0]:[0,0;0]:[1,0;5]:[0,0;0]:[1,0;4]:[0,0;0]:[0,0;0]:[1,0;6]:[1,0;4]:[0,0;0]:[0,0;0]:[0,0;0]:[1,0;3]:[0,0;0]:[0,0;0]:[1,0;5]:[0,0;0]:[0,0;0]:[0,0;0]:[0,0;0]:[1,0;5]:[1,0;5]:[0,0;0]:[0,0;0]:[1,0;5]:[0,0;0]:[0,0;0]:[1,0;5]:[-1,0;4]:[-1,0;6]:[0,0;0]:[0,0;0]:[-1,0;5]:[0,0;0]:[0,0;0]:[1,0;5]:[0,0;0]:[0,0;0]:[1,0;6]:[0,0;0]:[0,0;0]:[0,0;0]:[0,0;0]:[0,0;0]:[0,0;0]:[0,0;0]:[1,0;5]:[0,0;0]:[0,0;0]:[0,0;0]:[0,0;0]:[0,0;0]:[-1,0;5]:[1,0;5]:[0,0;0]:[1,0;3]:[0,0;0]:[1,0;5]:[0,0;0]:[0,0;0]:[1,0;6]:[-1,0;4]:[0,0;0]:[-1,0;4]:
[0,0;0]:[0,0;0]:[-1,-2;9]:[-1,0;7]:[1,2;8]:[-1,0;5]:[-1,0;6]:[1,1;8]:[0,0;0]:[1,0;7]:[1,1;8]:[-1,0;8]:[-1,0;7]:[1,0;4]:[1,0;5]:[-1,-1;8]:[1,1;8]:[-1,0;7]:[0,0;0]:[-1,0;5]:[1,0;6]:[1,1;8]:[1,0;7]:[-1,0;7]:[1,-2;9]:[-3,0;6]:[-1,0;5]:[1,0;7]:[1,0;7]:[1,1;8]:[1,0;6]:[-1,0;6]:[1,0;7]:[1,0;6]:[1,0;7]:[-1,-2;9]:[0,0;0]:[1,0;6]:[1,-1;8]:[1,0;6]:[1,0;5]:[0,0;0]:[-1,0;8]:[-1,1;8]:[-1,0;6]:[-1,0;7]:[1,-1;8]:[-1,0;5]:[1,0;7]:[-1,1;8]:[1,0;7]:[0,0;0]:[1,-1;8]:[-1,0;6]:[-1,0;5]:[1,0;7]:[1,0;6]:[1,-2;9]:[0,0;0]:[0,0;0]:[-1,1;8]:[-1,0;7]:[-1,0;6]:[1,-2;8]:
[0,0;0]:[-1,0;3]:[-1,0;4]:[0,0;0]:[0,0;0]:[0,0;0]:[0,0;0]:[-1,0;5]:[0,0;0]:[-1,0;5]:[-1,0;6]:[0,0;0]:[0,0;0]:[0,0;0]:[0,0;0]:[-1,0;6]:[1,0;6]:[0,0;0]:[0,0;0]:[0,0;0]:[0,0;0]:[-1,0;6]:[-1,0;5]:[0,0;0]:[-1,0;4]:[0,0;0]:[0,0;0]:[0,0;0]:[0,0;0]:[1,0;5]:[1,0;4]:[0,0;0]:[0,0;0]:[0,0;0]:[0,0;0]:[1,0;4]:[0,0;0]:[-1,0;4]:[1,0;5]:[0,0;0]:[0,0;0]:[0,0;0]:[0,0;0]:[1,0;6]:[0,0;0]:[-1,0;5]:[1,0;6]:[0,0;0]:[0,0;0]:[-1,0;6]:[1,0;5]:[0,0;0]:[-1,0;6]:[0,0;0]:[0,0;0]:[0,0;0]:[0,0;0]:[1,0;4]:[-1,0;3]:[0,0;0]:[1,0;5]:[0,0;0]:[0,0;0]:[0,0;0]:
[0,0;0]:[1,0;4]:[-3,0;9]:[0,0;0]:[-1,0;8]:[0,0;0]:[-1,0;4]:[3,0;8]:[0,0;0]:[1,0;6]:[0,0;0]:[1,0;8]:[1,0;7]:[0,0;0]:[-1,0;5]:[0,0;0]:[1,0;5]:[-1,0;7]:[0,0;0]:[1,0;5]:[0,0;0]:[1,0;5]:[-1,0;6]:[1,0;7]:[-5,0;9]:[0,0;0]:[0,0;0]:[1,0;7]:[0,0;0]:[-1,0;8]:[1,0;5]:[1,0;6]:[1,0;7]:[0,0;0]:[0,0;0]:[5,0;9]:[0,0;0]:[-1,0;5]:[-1,0;8]:[-1,0;4]:[-1,0;5]:[0,0;0]:[1,0;8]:[1,0;5]:[-1,0;6]:[-1,0;6]:[-1,0;5]:[-1,0;5]:[1,0;7]:[0,0;0]:[-1,0;6]:[-1,0;4]:[0,0;0]:[0,0;0]:[0,0;0]:[-1,0;7]:[0,0;0]:[3,0;9]:[1,0;4]:[0,0;0]:[-3,0;8]:[0,0;0]:[0,0;0]:[-1,0;8]:
[0,0;0]:[0,0;0]:[1,0;7]:[0,0;0]:[1,0;6]:[0,0;0]:[0,0;0]:[1,2;8]:[-1,0;6]:[0,0;0]:[1,0;5]:[0,0;0]:[-1,0;5]:[0,0;0]:[-1,0;6]:[-1,0;7]:[-1,0;5]:[0,0;0]:[0,0;0]:[1,0;5]:[-1,0;7]:[-1,0;7]:[0,0;0]:[0,0;0]:[1,0;7]:[0,0;0]:[0,0;0]:[1,-2;7]:[-1,0;6]:[-1,2;8]:[0,0;0]:[0,0;0]:[-1,-2;7]:[0,0;0]:[0,0;0]:[1,0;7]:[0,0;0]:[0,0;0]:[1,2;8]:[0,0;0]:[1,0;5]:[0,0;0]:[0,0;0]:[1,0;5]:[0,0;0]:[0,0;0]:[-1,0;7]:[-1,0;6]:[0,0;0]:[-1,0;5]:[0,0;0]:[1,0;5]:[1,0;7]:[-1,0;7]:[0,0;0]:[-1,0;5]:[0,0;0]:[1,0;7]:[0,0;0]:[1,0;2]:[1,-2;8]:[-1,0;6]:[0,0;0]:[-1,0;6]:
[0,0;0]:[1,0;7]:[-1,-2;8]:[-3,0;9]:[-1,0;4]:[0,0;0]:[1,0;6]:[-1,0;9]:[0,0;0]:[1,-2;9]:[-1,-2;10]:[0,0;0]:[0,0;0]:[-1,0;6]:[1,0;7]:[-1,-2;10]:[-1,2;10]:[0,0;0]:[0,0;0]:[0,0;0]:[1,0;8]:[1,-2;10]:[-1,-2;9]:[0,0;0]:[1,2;8]:[-1,0;6]:[0,0;0]:[1,0;5]:[-3,0;9]:[-1,-4;9]:[1,-2;8]:[0,0;0]:[1,0;5]:[1,0;8]:[3,0;9]:[1,-2;8]:[0,0;0]:[1,2;8]:[1,-4;9]:[-1,0;6]:[0,0;0]:[0,0;0]:[0,0;0]:[1,2;10]:[0,0;0]:[1,-2;9]:[1,2;10]:[-1,0;7]:[0,0;0]:[1,-2;10]:[1,2;9]:[0,0;0]:[1,-2;10]:[-1,0;8]:[1,0;7]:[0,0;0]:[-1,0;6]:[-1,2;8]:[-1,0;7]:[1,0;3]:[-1,0;9]:[3,0;9]:[1,0;8]:[-1,0;4]:
[0,0;0]:[1,0;6]:[1,0;7]:[1,0;8]:[0,0;0]:[-1,0;4]:[0,0;0]:[1,0;8]:[0,0;0]:[-1,-2;8]:[-1,-2;9]:[0,0;0]:[0,0;0]:[-1,0;5]:[-1,0;6]:[1,2;9]:[-1,2;9]:[1,0;4]:[-1,0;3]:[0,0;0]:[-1,0;7]:[-1,2;9]:[-1,2;8]:[0,0;0]:[-1,0;7]:[0,0;0]:[-1,0;4]:[0,0;0]:[-1,0;8]:[1,0;8]:[1,0;7]:[0,0;0]:[0,0;0]:[3,0;7]:[-1,0;8]:[-1,0;7]:[0,0;0]:[1,0;7]:[-1,0;8]:[0,0;0]:[0,0;0]:[0,0;0]:[0,0;0]:[1,2;9]:[0,0;0]:[1,2;8]:[-1,-2;9]:[1,0;6]:[1,0;4]:[1,-2;9]:[-1,2;8]:[0,0;0]:[-1,2;9]:[1,0;7]:[1,0;6]:[0,0;0]:[0,0;0]:[1,0;7]:[-1,0;6]:[0,0;0]:[1,0;8]:[1,0;8]:[-3,0;7]:[0,0;0]:
[0,0;0]:[-1,0;7]:[1,0;8]:[-3,0;9]:[0,0;0]:[0,0;0]:[-1,0;6]:[-3,0;9]:[-1,0;5]:[1,2;9]:[-1,-2;10]:[0,0;0]:[0,0;0]:[1,0;6]:[1,0;7]:[3,-2;10]:[-1,2;10]:[1,0;5]:[1,0;4]:[1,0;4]:[-1,0;8]:[5,-2;10]:[-1,2;9]:[0,0;0]:[-1,0;8]:[1,0;6]:[0,0;0]:[-1,0;6]:[-7,0;9]:[1,0;9]:[1,0;8]:[0,0;0]:[1,0;6]:[1,0;8]:[3,0;9]:[-1,0;8]:[0,0;0]:[1,0;8]:[-1,0;9]:[1,0;6]:[1,0;4]:[0,0;0]:[0,0;0]:[1,2;10]:[0,0;0]:[1,2;9]:[5,2;10]:[3,0;7]:[1,0;5]:[1,-2;10]:[1,-2;9]:[-1,0;4]:[-3,-2;10]:[-3,0;8]:[1,0;7]:[0,0;0]:[1,0;6]:[1,0;8]:[1,0;7]:[0,0;0]:[-3,0;9]:[-1,0;9]:[1,0;8]:[0,0;0]:
[0,0;0]:[0,0;0]:[1,0;5]:[0,0;0]:[-1,0;4]:[0,0;0]:[0,0;0]:[-1,0;4]:[0,0;0]:[0,0;0]:[0,0;0]:[0,0;0]:[0,0;0]:[0,0;0]:[0,0;0]:[0,0;0]:[0,0;0]:[0,0;0]:[0,0;0]:[0,0;0]:[0,0;0]:[0,0;0]:[0,0;0]:[0,0;0]:[1,0;5]:[-1,0;3]:[0,0;0]:[1,0;3]:[0,0;0]:[1,0;4]:[0,0;0]:[0,0;0]:[-1,0;3]:[0,0;0]:[0,0;0]:[1,0;5]:[0,0;0]:[0,0;0]:[-1,0;4]:[0,0;0]:[0,0;0]:[0,0;0]:[0,0;0]:[0,0;0]:[0,0;0]:[0,0;0]:[0,0;0]:[0,0;0]:[0,0;0]:[0,0;0]:[0,0;0]:[0,0;0]:[0,0;0]:[0,0;0]:[0,0;0]:[0,0;0]:[1,0;3]:[1,0;5]:[0,0;0]:[0,0;0]:[-1,0;4]:[0,0;0]:[0,0;0]:[1,0;4]:
