[1,0;0]:[0,0;0]:[0,0;0]:[0,0;0]:[0,0;0]:[0,0;0]:[0,0;0]:[0,0;0]:[0,0;0]:[0,0;0]:[0,0;0]:[0,0;0]:[0,0;0]:[0,0;0]:[0,0;0]:[0,0;0]:
[0,0;0]:[-1,0;5]:[-1,0;5]:[1,0;2]:[1,-1;6]:[1,3;7]:[-1,1;7]:[1,0;5]:[1,1;5]:[-1,1;6]:[1,-1;6]:[0,0;0]:[1,-1;6]:[1,-1;7]:[-1,-3;7]:[-1,0;5]:
[0,0;0]:[-1,0;6]:[-1,0;6]:[1,0;3]:[-1,1;7]:[1,-5;8]:[-1,1;8]:[-1,0;6]:[-1,-1;6]:[-1,1;7]:[1,-1;7]:[0,0;0]:[-1,1;7]:[1,7;8]:[-1,-3;8]:[1,0;6]:
[0,0;0]:[-1,0;6]:[-1,0;6]:[1,0;3]:[-1,1;7]:[1,3;8]:[-1,-7;8]:[-1,0;6]:[-1,-1;6]:[-1,1;7]:[1,-1;7]:[0,0;0]:[-1,1;7]:[1,-1;8]:[-1,5;8]:[1,0;6]:
[0,0;0]:[-1,0;4]:[1,0;4]:[0,0;0]:[1,0;3]:[-1,1;6]:[-1,1;6]:[-1,0;4]:[0,0;0]:[1,1;5]:[1,1;5]:[-1,0;3]:[-1,0;3]:[-1,1;6]:[-1,1;6]:[-1,0;4]:
[0,0;0]:[1,0;3]:[1,0;3]:[0,0;0]:[-1,0;4]:[1,0;5]:[-1,0;5]:[1,0;3]:[-1,0;3]:[-1,0;4]:[1,0;4]:[0,0;0]:[-1,0;4]:[1,0;5]:[-1,0;5]:[-1,0;3]:
[0,0;0]:[-1,0;2]:[0,0;0]:[0,0;0]:[0,0;0]:[0,0;0]:[1,0;4]:[3,1;6]:[-1,0;4]:[0,0;0]:[-1,0;3]:[1,-1;5]:[-1,0;3]:[0,0;0]:[1,0;4]:[-1,1;6]:
[0,0;0]:[0,0;0]:[-1,0;2]:[0,0;0]:[-1,0;3]:[-1,0;4]:[0,0;0]:[1,-1;6]:[-1,0;4]:[1,0;3]:[0,0;0]:[-1,1;5]:[0,0;0]:[-1,0;4]:[0,0;0]:[-3,-1;6]:
[0,0;0]:[-1,0;3]:[1,0;3]:[0,0;0]:[-1,0;4]:[1,0;5]:[1,0;5]:[-1,-1;5]:[0,0;0]:[-1,0;4]:[-1,0;4]:[-1,1;4]:[1,0;4]:[1,0;5]:[1,0;5]:[-1,-1;5]:
[0,0;0]:[-1,0;4]:[-1,0;4]:[0,0;0]:[-1,-1;5]:[1,-1;6]:[-1,1;6]:[-1,0;4]:[-1,1;4]:[-1,-1;5]:[1,1;5]:[0,0;0]:[-1,-1;5]:[1,-1;6]:[-1,1;6]:[1,0;4]:
[0,0;0]:[1,0;3]:[0,0;0]:[0,0;0]:[1,-1;6]:[0,0;0]:[1,-1;5]:[-1,0;3]:[-1,1;5]:[0,0;0]:[-1,-1;4]:[-1,0;4]:[-3,-1;6]:[0,0;0]:[1,-1;5]:[0,0;0]:
[0,0;0]:[0,0;0]:[1,0;3]:[0,0;0]:[-3,-1;6]:[-1,1;5]:[0,0;0]:[0,0;0]:[-1,1;5]:[1,1;4]:[0,0;0]:[1,0;4]:[1,-1;6]:[-1,1;5]:[0,0;0]:[1,0;3]:
[0,0;0]:[0,0;0]:[0,0;0]:[0,0;0]:[1,0;3]:[0,0;0]:[0,0;0]:[1,-1;4]:[0,0;0]:[0,0;0]:[0,0;0]:[1,1;3]:[-1,0;3]:[0,0;0]:[0,0;0]:[1,-1;4]:
[0,0;0]:[1,0;5]:[1,0;5]:[1,0;2]:[1,-1;6]:[-1,-3;7]:[1,-1;7]:[1,0;5]:[1,1;5]:[1,-1;6]:[-1,1;6]:[0,0;0]:[1,-1;6]:[-1,1;7]:[1,3;7]:[-1,0;5]:
[0,0;0]:[-3,0;6]:[1,0;6]:[-1,0;3]:[1,-1;7]:[-1,-3;8]:[-3,-5;8]:[1,0;6]:[1,1;6]:[1,-1;7]:[3,-3;7]:[0,0;0]:[1,-1;7]:[-1,1;8]:[-3,-1;8]:[-1,0;6]:
[0,0;0]:[1,0;6]:[-3,0;6]:[-1,0;3]:[1,-1;7]:[3,1;8]:[1,-1;8]:[1,0;6]:[1,1;6]:[-3,3;7]:[-1,1;7]:[0,0;0]:[1,-1;7]:[3,5;8]:[1,3;8]:[-1,0;6]:
