[1,0;0]:[0,0;0]:[0,0;0]:[0,0;0]:[0,0;0]:[0,0;0]:[0,0;0]:[0,0;0]:[0,0;0]:[0,0;0]:[0,0;0]:[0,0;0]:[0,0;0]:[0,0;0]:[0,0;0]:[0,0;0]:
[0,0;0]:[1,2;6]:[-1,0;5]:[3,0;6]:[-1,0;4]:[-1,0;6]:[1,-1;5]:[1,0;6]:[1,0;5]:[-1,0;5]:[1,-1;4]:[1,0;5]:[0,0;0]:[-1,0;5]:[1,1;5]:[1,1;5]:
[0,0;0]:[1,2;6]:[1,0;3]:[0,0;0]:[1,0;5]:[0,0;0]:[0,0;0]:[-1,2;6]:[0,0;0]:[1,0;3]:[-1,-2;6]:[-1,0;3]:[-1,2;6]:[0,0;0]:[0,0;0]:[-1,0;5]:
[0,0;0]:[1,-1;4]:[1,0;5]:[3,0;6]:[1,1;5]:[-1,0;6]:[1,-1;5]:[0,0;0]:[1,0;5]:[1,0;5]:[1,2;6]:[-1,0;5]:[-1,0;6]:[-1,0;5]:[1,1;5]:[-1,0;4]:
[0,0;0]:[0,0;0]:[1,0;4]:[-1,0;5]:[1,0;5]:[-1,-2;5]:[-1,0;5]:[-1,0;4]:[-3,0;6]:[-1,0;4]:[0,0;0]:[0,0;0]:[1,0;4]:[-1,1;4]:[1,0;6]:[1,0;5]:
[0,0;0]:[1,0;6]:[1,0;5]:[1,0;6]:[-1,-1;5]:[1,0;6]:[-1,0;4]:[-1,2;6]:[-1,0;5]:[-1,0;5]:[1,2;6]:[-1,0;2]:[1,0;6]:[1,0;5]:[-1,0;5]:[-1,1;5]:
[0,0;0]:[1,-2;6]:[1,0;5]:[1,0;6]:[-1,-1;5]:[1,0;6]:[1,0;4]:[-1,0;6]:[-1,0;5]:[-1,0;5]:[1,-2;6]:[0,0;0]:[1,0;6]:[1,0;5]:[3,0;5]:[-1,-1;5]:
[0,0;0]:[-1,-2;6]:[-1,0;5]:[-1,0;6]:[1,-1;5]:[-1,0;6]:[1,0;4]:[1,0;6]:[1,0;5]:[1,0;5]:[-1,0;6]:[-1,0;2]:[-1,2;6]:[-1,0;5]:[1,0;5]:[1,1;5]:
[0,0;0]:[-1,0;7]:[3,0;6]:[3,0;7]:[1,1;6]:[3,0;7]:[1,0;5]:[1,-2;7]:[3,0;6]:[-3,0;6]:[-1,0;7]:[0,0;0]:[-1,2;7]:[3,0;6]:[-1,0;6]:[1,1;6]:
[0,0;0]:[-3,0;7]:[1,-1;6]:[1,1;7]:[-1,1;6]:[1,1;7]:[-1,-1;5]:[-1,2;7]:[-3,1;7]:[1,1;6]:[0,0;0]:[3,0;6]:[1,1;4]:[-1,1;6]:[-1,1;7]:[-1,1;5]:
[0,0;0]:[3,0;7]:[-1,0;5]:[1,-1;6]:[1,0;4]:[1,1;6]:[1,2;6]:[-1,0;7]:[-3,-2;7]:[1,0;5]:[3,0;7]:[0,0;0]:[1,0;7]:[1,0;5]:[5,-2;7]:[1,0;4]:
[0,0;0]:[0,0;0]:[1,1;6]:[-1,-1;7]:[1,-1;5]:[-1,-1;7]:[1,1;5]:[1,1;4]:[3,-1;7]:[1,-1;6]:[3,0;7]:[3,0;6]:[-1,2;7]:[1,-1;6]:[1,-1;7]:[1,-1;6]:
[0,0;0]:[3,0;7]:[-1,0;6]:[-1,0;7]:[-3,1;6]:[-1,0;7]:[1,0;5]:[-3,-2;7]:[3,0;6]:[1,0;6]:[3,0;7]:[0,0;0]:[3,2;7]:[-1,0;6]:[-1,0;6]:[-3,1;6]:
[0,0;0]:[-1,0;7]:[3,-1;6]:[3,1;7]:[-1,-1;6]:[-5,1;7]:[1,0;5]:[1,-2;7]:[1,-1;7]:[3,1;6]:[0,0;0]:[1,0;6]:[-1,0;4]:[1,1;6]:[-1,-1;7]:[1,0;5]:
[0,0;0]:[1,0;7]:[-1,0;5]:[1,-3;6]:[0,0;0]:[1,-1;6]:[1,-2;6]:[1,0;7]:[1,2;7]:[1,0;5]:[1,0;7]:[0,0;0]:[-1,0;7]:[1,2;5]:[1,2;7]:[0,0;0]:
[0,0;0]:[0,0;0]:[3,1;6]:[-3,-1;7]:[-1,0;5]:[5,-1;7]:[-1,0;5]:[-1,0;4]:[-1,1;7]:[3,-1;6]:[1,0;7]:[1,0;6]:[1,-2;7]:[-1,-1;6]:[1,1;7]:[1,1;6]:
