[1,0;0]:[0,0;0]:[0,0;0]:[0,0;0]:[0,0;0]:[0,0;0]:[0,0;0]:[0,0;0]:[0,0;0]:[0,0;0]:[0,0;0]:[0,0;0]:[0,0;0]:[0,0;0]:[0,0;0]:[0,0;0]:
[0,0;0]:[-1,-1;8]:[3,3;9]:[1,-2;7]:[-3,-1;8]:[-5,-1;9]:[1,-1;8]:[1,1;7]:[1,0;4]:[-1,-2;7]:[-3,3;7]:[5,5;9]:[7,-1;9]:[-1,1;8]:[-3,1;7]:[-1,-1;6]:
[0,0;0]:[-1,0;9]:[3,4;10]:[1,-1;8]:[1,-3;9]:[7,6;10]:[1,0;9]:[-3,-2;8]:[-1,-1;5]:[5,-5;8]:[3,-2;8]:[5,4;10]:[-5,-6;10]:[-5,3;9]:[1,-1;8]:[-1,-1;7]:
[0,0;0]:[1,0;7]:[1,0;8]:[-3,2;6]:[0,0;0]:[3,-2;8]:[-3,0;7]:[-3,-2;6]:[0,0;0]:[1,-1;6]:[-1,1;6]:[-1,0;8]:[7,2;8]:[0,0;0]:[0,0;0]:[0,0;0]:
[0,0;0]:[-1,0;5]:[1,0;5]:[-1,-1;7]:[-1,-1;5]:[0,0;0]:[0,0;0]:[0,0;0]:[0,0;0]:[1,1;6]:[1,1;7]:[1,-1;5]:[0,0;0]:[1,1;5]:[1,1;4]:[-1,1;3]:
[0,0;0]:[1,1;6]:[1,1;7]:[1,-1;5]:[0,0;0]:[7,-1;7]:[-3,-1;6]:[1,1;5]:[0,0;0]:[-1,0;5]:[1,0;5]:[-1,-1;7]:[3,-1;7]:[0,0;0]:[0,0;0]:[0,0;0]:
[0,0;0]:[-3,-2;7]:[-3,-2;8]:[1,0;6]:[0,0;0]:[-1,4;8]:[-7,2;7]:[1,0;6]:[0,0;0]:[1,1;6]:[-1,-1;6]:[3,2;8]:[3,0;8]:[0,0;0]:[0,0;0]:[0,0;0]:
[0,0;0]:[3,2;9]:[7,6;10]:[5,1;8]:[1,1;9]:[3,-4;10]:[-3,2;9]:[1,0;8]:[-1,1;5]:[5,1;8]:[-5,0;8]:[1,2;10]:[-9,8;10]:[-5,-1;9]:[1,3;8]:[-1,-1;7]:
[0,0;0]:[-1,2;8]:[-1,-4;9]:[-1,-1;4]:[1,1;8]:[-1,2;9]:[1,0;8]:[-3,2;7]:[-1,1;4]:[-1,0;7]:[-1,0;6]:[1,0;9]:[3,-2;9]:[-5,-1;8]:[1,3;7]:[-1,-1;6]:
[0,0;0]:[-5,0;9]:[-9,8;10]:[-1,1;8]:[1,-3;9]:[3,2;10]:[5,4;9]:[1,2;8]:[-1,-1;5]:[-3,1;8]:[-3,0;8]:[1,-8;10]:[7,6;10]:[-5,3;9]:[1,-1;8]:[-1,-1;7]:
[0,0;0]:[-3,5;8]:[1,-3;9]:[1,0;7]:[3,1;8]:[1,1;9]:[3,1;8]:[3,-1;7]:[-1,0;4]:[1,0;7]:[1,3;7]:[7,3;9]:[5,1;9]:[1,-1;8]:[3,-1;7]:[1,1;6]:
[0,0;0]:[-1,0;4]:[1,0;4]:[-1,-1;6]:[3,0;5]:[0,0;0]:[0,0;0]:[0,0;0]:[0,0;0]:[1,1;5]:[1,1;6]:[1,-1;4]:[0,0;0]:[1,0;5]:[-1,0;4]:[-1,0;3]:
[0,0;0]:[-1,-6;9]:[-5,2;10]:[3,3;8]:[1,1;9]:[-1,0;10]:[1,-2;9]:[5,-4;8]:[-1,1;5]:[-3,-1;8]:[5,2;8]:[-3,-2;10]:[3,-4;10]:[-5,-1;9]:[1,3;8]:[-1,-1;7]:
[0,0;0]:[-3,0;8]:[-3,6;9]:[0,0;0]:[-1,3;8]:[5,4;9]:[3,2;8]:[-1,0;7]:[1,1;4]:[1,-2;7]:[-1,0;6]:[3,-2;9]:[1,0;9]:[5,-3;8]:[-1,1;7]:[1,1;6]:
[0,0;0]:[-1,3;7]:[-1,-3;8]:[1,0;5]:[-3,-1;7]:[3,1;8]:[1,1;7]:[1,-1;6]:[1,0;3]:[1,1;6]:[1,0;4]:[1,-1;8]:[-1,1;8]:[-1,1;7]:[-3,1;6]:[-1,-1;5]:
[0,0;0]:[-1,0;5]:[1,0;5]:[-1,-1;7]:[1,-2;5]:[0,0;0]:[0,0;0]:[0,0;0]:[0,0;0]:[1,1;6]:[1,1;7]:[1,-1;5]:[0,0;0]:[-1,-2;5]:[-1,0;4]:[1,0;3]:
