[1,0;0]:[0,0;0]:[0,0;0]:[0,0;0]:[0,0;0]:[0,0;0]:[0,0;0]:[0,0;0]:[0,0;0]:[0,0;0]:[0,0;0]:[0,0;0]:[0,0;0]:[0,0;0]:[0,0;0]:[0,0;0]:
[0,0;0]:[7,-3;11]:[1,-1;10]:[1,2;10]:[-1,-5;9]:[-1,-2;10]:[1,2;9]:[5,-1;11]:[-1,-5;9]:[7,3;10]:[-13,-1;11]:[-1,-1;7]:[-1,-5;11]:[-1,-3;7]:[11,-3;9]:[-1,5;9]:
[0,0;0]:[-1,1;11]:[1,-1;10]:[5,-2;10]:[7,7;9]:[-5,2;10]:[5,-2;9]:[-3,3;11]:[-1,-5;9]:[-1,3;10]:[19,-5;11]:[-1,1;7]:[-17,-1;11]:[-1,-1;7]:[3,-3;9]:[-1,1;9]:
[0,0;0]:[1,0;8]:[-1,0;7]:[1,1;7]:[-3,2;6]:[-1,-1;7]:[1,1;6]:[3,0;8]:[1,-2;6]:[-3,-2;7]:[1,2;8]:[1,0;4]:[5,2;8]:[-1,0;4]:[1,0;6]:[1,0;6]:
[0,0;0]:[5,0;7]:[-5,0;6]:[1,-1;6]:[0,0;0]:[-1,-1;6]:[-1,0;5]:[-5,0;7]:[-1,0;6]:[1,0;6]:[1,0;7]:[0,0;0]:[1,0;7]:[1,0;5]:[1,0;6]:[0,0;0]:
[0,0;0]:[-1,-1;11]:[1,1;10]:[1,4;10]:[-1,-3;9]:[-1,-4;10]:[1,4;9]:[-3,-3;11]:[7,1;9]:[7,-7;10]:[11,9;11]:[-1,-1;7]:[-25,5;11]:[-1,1;7]:[3,3;9]:[-1,-1;9]:
[0,0;0]:[-7,-7;11]:[-1,-5;10]:[-5,-4;10]:[-7,3;9]:[5,4;10]:[-5,-4;9]:[-5,3;11]:[-7,3;9]:[1,-5;10]:[5,7;11]:[1,-1;7]:[-7,3;11]:[1,-3;7]:[5,1;9]:[1,1;9]:
[0,0;0]:[1,1;9]:[-1,1;8]:[-3,2;8]:[-3,-1;7]:[3,-2;8]:[-3,2;7]:[3,-1;9]:[-3,-1;7]:[-3,1;8]:[9,-1;9]:[-1,0;5]:[-3,-1;9]:[1,0;5]:[-3,-3;7]:[1,1;7]:
[0,0;0]:[-1,-1;8]:[1,1;7]:[1,4;7]:[0,0;0]:[-5,2;7]:[-3,-1;6]:[1,1;8]:[-1,-1;7]:[3,-1;7]:[3,-1;8]:[0,0;0]:[3,-1;8]:[1,1;6]:[1,1;7]:[0,0;0]:
[0,0;0]:[-5,0;10]:[5,0;9]:[-1,1;9]:[-1,2;8]:[1,-1;9]:[-1,1;8]:[-15,0;10]:[-1,-2;8]:[-1,-2;9]:[-5,2;10]:[-5,0;6]:[7,2;10]:[-1,0;6]:[-1,0;8]:[-5,0;8]:
[0,0;0]:[-3,-6;10]:[-5,-6;9]:[1,1;9]:[1,0;8]:[-1,-1;9]:[1,1;8]:[7,6;10]:[1,0;8]:[1,0;9]:[-3,0;10]:[-3,0;6]:[1,0;10]:[1,0;6]:[1,-2;8]:[5,-6;8]:
[0,0;0]:[-9,11;10]:[-3,3;9]:[-1,0;9]:[3,1;8]:[1,0;9]:[-1,0;8]:[-3,5;10]:[3,1;8]:[-1,-1;9]:[-1,1;10]:[-1,-2;6]:[3,1;10]:[1,0;6]:[3,-1;8]:[7,3;8]:
[0,0;0]:[-13,-5;10]:[-7,3;9]:[3,0;9]:[-1,1;8]:[-3,0;9]:[3,0;8]:[1,-11;10]:[-1,1;8]:[3,-1;9]:[-5,1;10]:[-1,2;6]:[-1,1;10]:[1,0;6]:[-1,-1;8]:[3,3;8]:
[0,0;0]:[0,0;0]:[0,0;0]:[0,0;0]:[0,0;0]:[1,0;2]:[1,0;3]:[0,0;0]:[-1,0;5]:[1,0;2]:[1,0;3]:[0,0;0]:[1,0;3]:[1,0;4]:[1,0;5]:[0,0;0]:
[0,0;0]:[-1,0;5]:[1,0;4]:[-1,-1;4]:[0,0;0]:[-1,-1;4]:[0,0;0]:[1,0;5]:[1,-1;5]:[1,0;4]:[1,0;5]:[0,0;0]:[1,0;5]:[-1,1;4]:[-1,1;5]:[0,0;0]:
[0,0;0]:[-1,1;8]:[1,-1;7]:[5,-2;7]:[0,0;0]:[-1,0;7]:[-3,1;6]:[1,-1;8]:[3,1;7]:[3,1;7]:[3,1;8]:[0,0;0]:[3,1;8]:[-3,-1;6]:[-3,-1;7]:[0,0;0]:
