[1,0;0]:[0,0;0]:[0,0;0]:[0,0;0]:[0,0;0]:[0,0;0]:[0,0;0]:[0,0;0]:[0,0;0]:[0,0;0]:[0,0;0]:[0,0;0]:[0,0;0]:[0,0;0]:[0,0;0]:[0,0;0]:
[0,0;0]:[3,-2;9]:[5,3;10]:[-3,1;7]:[-1,-1;6]:[-1,5;10]:[3,0;9]:[5,1;9]:[9,7;10]:[-5,4;8]:[1,0;7]:[7,-2;9]:[1,-2;9]:[-5,-3;9]:[1,1;8]:[5,3;10]:
[0,0;0]:[1,-2;7]:[-3,1;7]:[-1,2;8]:[3,-2;8]:[-1,0;7]:[0,0;0]:[-1,0;6]:[1,0;7]:[3,-2;8]:[0,0;0]:[3,-2;7]:[0,0;0]:[1,2;6]:[-1,2;8]:[5,3;7]:
[0,0;0]:[1,0;7]:[7,-1;7]:[-1,0;8]:[3,0;8]:[1,2;7]:[0,0;0]:[1,2;6]:[-1,-2;7]:[3,0;8]:[0,0;0]:[3,0;7]:[0,0;0]:[3,0;6]:[-1,0;8]:[-1,1;7]:
[0,0;0]:[15,-2;11]:[1,3;12]:[7,2;9]:[-1,1;5]:[-5,-3;12]:[3,4;11]:[1,1;11]:[-3,-1;12]:[5,6;10]:[5,4;9]:[-13,-2;11]:[-7,-6;11]:[-1,-3;11]:[11,-9;10]:[1,3;12]:
[0,0;0]:[3,3;8]:[1,0;5]:[-3,-3;9]:[1,3;9]:[1,-3;7]:[0,0;0]:[1,-3;6]:[-1,3;7]:[1,3;9]:[0,0;0]:[1,3;8]:[0,0;0]:[1,0;6]:[-3,-3;9]:[0,0;0]:
[0,0;0]:[-3,-4;12]:[-1,1;13]:[-3,-3;9]:[-1,-1;10]:[13,-37;13]:[21,8;12]:[-9,15;12]:[-5,-7;13]:[1,5;11]:[3,2;10]:[1,-4;12]:[31,2;12]:[1,-1;12]:[3,2;11]:[-1,1;13]:
[0,0;0]:[-7,-8;12]:[-5,-3;13]:[3,0;9]:[5,5;10]:[17,-9;13]:[-7,16;12]:[3,11;12]:[23,13;13]:[-7,3;11]:[-1,-2;10]:[-3,-8;12]:[-21,18;12]:[5,3;12]:[-13,-8;11]:[-5,-3;13]:
[0,0;0]:[1,-2;11]:[-1,1;12]:[-3,0;9]:[-1,0;6]:[-11,-1;12]:[-11,16;11]:[-1,3;11]:[-13,5;12]:[7,2;10]:[-5,-8;9]:[-3,-2;11]:[-1,-14;11]:[1,-1;11]:[1,1;10]:[-1,1;12]:
[0,0;0]:[5,1;8]:[-1,-1;4]:[-5,-1;9]:[-1,1;9]:[1,1;7]:[0,0;0]:[1,1;6]:[-1,-1;7]:[-1,1;9]:[0,0;0]:[-1,1;8]:[0,0;0]:[1,-2;6]:[-5,-1;9]:[3,-1;5]:
[0,0;0]:[-9,-2;12]:[-23,9;13]:[-7,-1;9]:[5,-3;10]:[27,19;13]:[7,10;12]:[-7,-13;12]:[13,-7;13]:[3,5;11]:[1,4;10]:[3,-10;12]:[-3,-4;12]:[23,-9;12]:[5,0;11]:[-23,9;13]:
[0,0;0]:[-21,-2;12]:[5,17;13]:[-1,0;9]:[-9,7;10]:[-1,3;13]:[3,-2;12]:[-11,-5;12]:[-23,-7;13]:[-5,3;11]:[5,-4;10]:[-9,6;12]:[1,0;12]:[-5,-17;12]:[-19,-2;11]:[5,17;13]:
[0,0;0]:[-5,-4;10]:[-3,1;11]:[-3,-3;8]:[-1,1;7]:[-9,-1;11]:[-5,-10;10]:[-3,7;10]:[-15,13;11]:[3,2;9]:[1,2;8]:[-1,-4;10]:[-7,0;10]:[3,-1;10]:[1,-1;9]:[-3,1;11]:
[0,0;0]:[5,-1;7]:[1,1;6]:[-5,1;8]:[-5,-1;8]:[0,0;0]:[0,0;0]:[0,0;0]:[0,0;0]:[-5,-1;8]:[0,0;0]:[-5,-1;7]:[0,0;0]:[1,0;4]:[-5,1;8]:[-1,1;6]:
[0,0;0]:[-11,5;11]:[5,-4;12]:[-3,1;6]:[1,3;9]:[-9,-4;12]:[1,9;11]:[1,2;11]:[-7,0;12]:[-15,-2;10]:[-1,5;9]:[9,1;11]:[-9,-11;11]:[-5,4;11]:[1,1;10]:[5,-4;12]:
[0,0;0]:[-7,-1;11]:[-3,-6;12]:[3,-1;7]:[-5,-7;9]:[-1,-2;12]:[5,-1;11]:[1,0;11]:[1,-2;12]:[1,2;10]:[11,-5;9]:[13,3;11]:[-5,-1;11]:[3,6;11]:[-3,-7;10]:[-3,-6;12]:
